40390	-0.5085
40391	-0.7385
40393	2.357
40392	-0.62
40395	-1.1515
40394	-1.3635
40397	-1.639
40396	-1.8965
40399	0.2275
40398	0.7685
40380	-1.169
39624	-1.743
39625	-1.14
39622	-2.1675
39623	-2.053
39628	-1.712
39629	-0.6625
39626	-0.931
39627	-1.1705
40389	-0.5355
40387	-0.744
40388	-0.708333
40385	1.1605
40386	0.7095
40383	0.7925
39621	-0.8505
40384	-0.2195
39620	-1.788
40381	0.468
40382	-0.815
39633	-0.35375
39634	-0.3595
39635	-0.706
39636	2.584
39637	-0.604
39638	2.1975
39639	1.817
40378	1.514
40379	-1.0865
40374	0.599
40375	0.6995
40376	-6.417
40377	-2.12
40370	0.9325
39630	-0.487
40371	-0.5915
40372	-0.0895
39632	-0.795
40373	-0.265
39631	-0.3345
39606	0.4235
39607	-1.168
39604	0.3845
39605	0.78
39602	-0.137
39603	0.5615
39600	-4.1195
39601	0.77
39608	-1.505
39609	-0.610333
40369	0.3075
40367	0.015
40368	0.331
40361	-1.3555
40362	-0.8955
40360	0.116
40365	0.161
40366	0.26475
40363	-0.5415
40364	0.135
39615	0.1725
39616	-0.117
39617	-0.3225
39618	-1.108
39611	-0.358
39612	-0.332
39613	-0.1615
39614	-0.3115
39619	-0.5975
40356	0.336
40357	-0.3765
40358	-0.93025
40359	0.339
40350	-0.0605
39610	-0.3975
40351	0.451
40352	-0.779
40353	-0.571
40354	-0.6945
40355	-0.7855
39660	0.658
39661	1.4615
39662	0.64
39663	-0.8155
39664	0.1245
39665	-1.0895
39667	0.6895
39666	-0.352
39669	0.1095
39668	-0.9275
39671	0.429
39672	0.1195
39670	0.362
39675	-1.374
39676	-0.0715
39673	1.377
39674	0.0455
39679	-0.336
39678	-0.0785
39677	0.0545
39640	-0.044
39641	0.3775
39642	0.121
39643	0.7595
39649	-0.4795
39648	-0.5935
39645	-0.903
39644	-0.3385
39647	-1.5685
39646	-1.177
39653	0.354
39654	-0.468
39651	0.12
39652	0.7425
39650	-1.487
39659	0.8895
39658	-0.95675
39657	-0.2
39656	-0.4125
39655	-0.859
39685	1.107
39684	2.5405
39687	-0.19275
39686	0.5565
39681	1.2715
39680	-0.36
39683	0.642
39682	0.481
39688	0.942
39689	0.7935
39690	2.1795
39698	0.486
39697	0.6555
39696	0.6415
39695	-1.3595
39694	0.019
39693	0.693
39692	0.3145
39691	1.713
39699	0.5275
38544	-1.43825
37499	0.2855
38547	-2.1025
38549	-3.1935
37493	0.039
37491	0.884
37492	-0.415
37497	-0.337
37498	0.1615
37495	0.7505
38543	-1.726
37496	-1.174
38542	-0.5025
37490	-0.039
37489	0.3545
38535	-3.26733
37488	0.16
38536	-3.143
38533	-3.992
38539	-0.868
38537	-3.227
37480	-2.619
37481	-0.878
37482	-0.017
37483	-1.225
37484	0.1125
38532	-3.696
37485	0.5835
38531	-3.2865
37486	0.036
38530	-1.629
37487	-0.673
38526	-1.719
38527	-2.8925
38528	-2.356
38529	-4.4205
38522	-1.297
37479	2.709
38523	-1.265
37478	0.52
38524	-3.88
37477	0.895
38525	-4.263
37475	0.281
37476	0.584
37473	-1.6915
38521	-4.339
37474	0.577
38520	-3.696
37471	-1.727
37472	-0.1455
37470	0.816
38519	-1.5425
38517	-0.557
38518	-0.551
38515	-1.188
38516	-1.03925
37467	-2.7405
38513	0.4055
37466	0.5895
38514	-1.06933
37469	0.429
38511	-1.4205
37468	-0.4825
38512	-1.826
37462	-1.38
38510	-0.446
37463	-0.927
37464	0.5615
37465	0.6065
37460	-0.4635
37461	-2.1835
38501	-0.8
38500	-0.547
38503	-2.6385
38502	-1.127
38505	0.901
38504	-0.5865
38507	-1.5715
38506	-0.96
38509	-0.149
38508	-3.2785
40333	0.134
40332	0.082
40331	-0.219
40330	-2.486
37410	0.4005
40337	0.922
40336	-0.0425
40335	-0.207
40334	0.572
40339	1.0795
40338	0.5685
37419	0.2
37412	-0.12
37411	-3.3325
37414	2.288
37413	-0.061
37416	1.6235
37415	-0.873
37418	0.3175
37417	-0.5365
40340	0.5675
40342	-0.2175
40341	0.185
40344	-3.4635
40343	-0.615
40346	-0.6605
40345	0.818
40348	0.0925
40347	1.462
40349	1.01
37409	-1.913
37408	-0.947
37403	-0.4735
37402	-1.6225
37401	-0.0125
37400	1.1015
37407	-3.151
37406	0.1155
37405	-2.436
37404	0.6615
40311	1.87
40310	1.7365
40319	0.0835
40318	-1.839
40317	-1.506
40316	-1.671
40315	-1.187
40314	-2.0895
40313	2.6495
40312	1.8545
40309	0.9995
40320	-0.545
38596	-2.254
38595	-0.5385
40322	-0.5335
38598	-1.526
40321	-0.862
38597	-2.342
38592	-1.669
38591	-1.799
38594	-1.2055
38593	-0.535
40328	-1.124
40327	-1.5645
38590	-1.804
40329	-1.5085
40324	-3.681
40323	-0.833
40326	-1.114
40325	-1.142
38599	-3.242
38582	-1.0435
38583	-0.074
37450	-1.152
38580	-1.207
38581	0.0045
37452	-0.89
38586	-0.342
37451	-0.485
38587	1.1335
37454	-0.859
38584	-1.793
37453	0.0605
38585	-3.465
37455	0.446
37456	-1.699
37457	1.3825
38589	-1.5685
37458	-1.491
38588	-2.4175
37459	-0.2565
40301	-0.7525
40302	1.5725
40303	-0.014
40304	1.076
40305	0.933
40306	0.2055
40307	2.55
40308	0.956
38570	-2.6625
38571	-0.1655
38572	-1.455
37443	-0.1865
38573	-0.5885
37442	-1.019
38574	-2.2255
37441	-0.3865
38575	-1.4605
40300	-0.5415
37440	-0.1495
38576	-1.4275
37446	-1.9745
38578	-0.1545
37447	-0.1345
38577	-2.489
37444	0.614
37445	-1.7795
38579	-3.1335
37448	-0.7275
37449	-2.894
37430	-1.266
38564	-3.057
38565	-1.568
37432	-0.202
38562	-3.045
37431	-0.2985
38563	-2.452
38560	-1.708
38561	-1.394
37437	-1.6985
37438	-0.033
37439	0.007
37433	-0.173
38569	-0.2525
37434	-0.3865
38568	-2.401
37435	-1.5435
38567	-2.65
37436	-1.9315
38566	-1.5845
37421	0.093
37420	-0.108
38552	-0.4555
38553	-4.287
38550	-0.9455
37428	0.573
37429	0.7325
38559	-0.796
37426	-1.321
37427	0.805
37424	-1.941
37425	0.157
38555	-3.761
38558	-0.8975
37423	0.807
38557	-1.7685
40280	0.9415
40281	0.73
40285	1.499
40284	-1.5715
40283	-0.506
40282	-0.2445
40289	-0.8805
40288	-1.44733
40287	0.223
40286	1.0675
40270	-0.5635
40279	0.9025
40272	-2.0725
40271	-0.778
40274	0.2955
40273	0.0065
40276	1.597
40275	-1.2685
40278	0.9415
40277	0.7825
39702	0.6095
39701	0.5675
39706	0.281
39705	0.223
39704	0.0205
39703	-0.10275
39709	-0.0675
39708	0.09
39707	0.3125
39711	-0.0675
40290	-2.3245
39710	-0.004
40291	0.312
39713	0.041
40292	0.4545
39712	0.018
39715	-0.2495
39714	-0.0335
39717	1.345
39716	0.4985
39719	2.2235
39718	1.87
40298	-0.374
40297	-0.061
40299	-0.141
40294	0.8795
40293	0.251
40296	-0.4485
40295	-0.0255
39729	0.4515
39727	0.657
39728	-1.2995
39725	-0.2335
39726	-0.3305
39723	-0.68675
39724	-0.3175
39721	0.093
39722	-0.28125
40240	-0.491
39720	0.158
40241	-0.412
40244	-1.606
40245	-1.45625
40242	0.174
40243	-0.238
40248	-1.54475
40249	-0.203
40246	-2.66775
40247	-0.716
39736	0.7835
39737	0.578
39738	-0.57775
39739	0.6035
39733	1.1925
39734	0.8255
39735	0.63075
39731	0.509
40230	-0.8635
39730	0.8545
40231	0.426
40232	0.6045
40233	0.56
40234	-0.864
40235	-0.45925
40236	-0.9645
40237	-1.5655
40238	0.3745
40239	-0.754
37606	0.265
37607	0.292
37608	0.803
37609	-0.313
39745	0.842
37602	-1.7835
39746	-0.281
37603	-1.274
39743	-0.849
37604	-2.387
39744	0.228
37605	-2.189
39749	1.811
39747	1.3105
37600	-2.122
39748	3.079
37601	-1.18233
40266	-1.6105
40267	-0.37
40264	0.2175
40265	-1.0095
40262	0.827
39742	-0.0595
40263	0.4535
39741	-0.4775
40260	-1.9845
39740	0.245
40261	-0.341
40268	-2.491
40269	-4.096
37619	-0.5355
37617	-0.068
37618	0.806
39754	0.2545
37615	-0.1395
39755	0.08
37616	-0.171
39756	-0.027
37613	-0.852
39757	-1.73425
37614	-0.03
39758	-0.5045
37611	-0.681
39759	-1.228
37612	-0.36
37610	-0.3265
40253	0.671
40254	0.6535
40255	-2.096
40256	-0.1225
39751	-0.526
40250	-0.207
39750	-0.1485
40251	0.2265
39753	0.099
40252	0.0815
39752	-2.57
40257	-0.55075
40258	-0.354
40259	-0.80875
39761	0.2495
39762	0.911
39763	2.5095
39764	2.4975
39760	-0.2185
39769	0.1655
39766	0.6745
39765	2.8075
39768	-0.3305
39767	-0.161
39774	-0.5
39775	0.1915
39772	-0.1445
39773	-1.405
39770	0.0765
39771	-0.439
39779	0.4655
39778	0.3445
39777	0.5225
39776	0.313
39780	-0.733
39781	-0.3385
39782	-0.985
39783	-0.734
39784	-0.2405
39785	-0.5785
39786	-0.4585
39788	-1.228
39787	-0.52375
39789	-0.7165
39792	-0.244
39793	0.2995
39790	-1.214
39791	0.11475
39796	-0.234
39797	0.4755
39794	0.0935
39795	1.112
38704	1.13
38705	1.238
39799	0.3365
38702	0.836
39798	-0.158
38703	-1.5675
38700	-0.3075
38701	0.8045
38708	-1.9225
38709	1.4815
38706	1.0675
38707	-1.703
38647	-1.052
38648	-2.6725
38649	-1.771
38643	-1.277
38644	-1.828
37599	-0.571
38645	-0.867
37598	-0.3088
38646	-2.113
37596	-3.3
38640	-3.084
37597	-0.2925
37594	-2.181
38642	-4.3715
37595	0.82225
38641	-4.7305
37592	-0.527
37593	-1.607
37590	-6.35
37591	-1.504
38638	-4.367
38639	-3.526
38636	0.244
38637	-1.652
37588	1.074
38634	-4.227
37587	0.0495
38635	-2.444
38632	-2.477
37589	1.232
38633	-0.296
37583	-1.826
37584	-0.0715
38630	-2.008
37585	-0.7435
37586	-0.3255
37580	-0.29
37581	0.024
37582	-0.2535
38665	-0.417
38666	-2.657
38667	-2.1005
38668	-0.4555
38669	-0.2515
38660	0.144
38662	-0.633
38661	-0.9335
38664	-0.043
38663	-1.876
38656	0.3765
38657	-0.719
38654	-2.3025
38655	0.3755
38658	-1.299
38659	-2.6625
38653	-3.1195
38652	-2.7415
38651	-2.2665
38650	-2.725
38608	-0.859
38607	-3.806
38609	-1.733
38603	-2.9905
38606	-2.678
38605	-2.2
38600	-0.976
38602	-3.174
38601	-1.6295
38629	-3.526
38622	-2.057
38621	-1.401
38624	-1.024
38623	-2.1325
38626	-2.4965
38625	-1.18
38628	-1.339
38627	-2.8835
38620	-2.356
38619	-2.088
38613	-1.767
38612	-2.9645
38611	-1.874
38610	-2.019
38617	-0.313
38615	-2.301
38614	-3.8405
37515	-1.2735
37514	-1.599
37516	-0.865
37511	-3.521
37510	-1.3605
37513	-2.593
37512	-0.0975
37519	0.7085
37518	-2.273
40207	1.19
40206	0.9775
40209	-2.063
40208	-0.7355
40203	0.0515
40202	0.1995
40205	1.745
40204	1.0285
40201	-1.179
40200	-3.786
37506	0.0035
37505	-2.12425
37504	0.398
37503	-1.0965
37502	0.2975
37501	-1.79925
37500	1.0745
37509	0.483
37508	-1.1885
37507	-1.717
40216	-1.2655
40215	-1.3375
40214	-3.046
40213	-2.4785
40219	-1.379
40218	-1.251
40217	-0.9275
40212	-1.08
40211	0.53675
40210	0.80525
37530	-0.8495
37531	0.4265
37533	0.408
37532	1.9315
37535	0.457
37534	-0.0225
37537	0.2575
37536	0.2045
37539	-0.0665
37538	0.1215
40225	-0.9925
40224	-0.8175
40227	-0.927
40226	-0.752
40229	-0.5325
40228	-0.8485
40221	-0.8745
40220	-0.5535
37520	0.764
40223	-0.9205
40222	-0.753
37524	0.509
37523	-1.60225
37522	-1.83075
37521	-0.915
37528	-0.0745
37527	-1.093
37526	-3.21
37525	-1.273
37529	-0.879
37551	-1.5565
38685	-3.2615
37550	-1.037
38686	-3.333
37553	0.4955
38683	-0.838
37552	0.0335
38684	-0.78
38681	-1.089
38682	-0.9265
38680	-0.3205
37558	-0.0015
37559	0.5285
37554	0.2195
37555	-2.565
38689	-0.8385
37556	0.7485
38688	-0.8955
37557	0.5755
38687	-0.815
37542	-0.653
38672	-0.435
37541	-0.8455
38673	-2.263
37540	1.39983
38674	-2.055
38675	-0.3905
38670	-0.1575
38671	-0.6285
37549	-1.657
37547	-0.2905
37548	0.572
37545	-0.125
38677	-0.646
37546	0.258
38676	-0.412
37543	0.851
38679	-0.3335
37544	-1.3045
38678	-0.376
37571	0.0075
37570	-0.179
37573	0.166
37572	-0.953
37575	0.3225
37574	2.1505
37576	1.423
37577	-0.8575
37578	1.7205
37579	1.736
37560	-2.298
38690	-0.7135
38691	-0.7625
38692	-1.8045
38693	-1.348
37564	0.4405
38694	-0.8465
37563	1.198
38695	-0.4665
37562	-2.8415
38696	-0.359
37561	-1.269
38697	-0.501
37567	-0.434
38699	1.269
37568	-0.3625
38698	0.3905
37565	0.569
37566	-4.08
37569	-0.4205
40149	0.3955
40147	-0.452
40148	1.107
40145	-0.714
40146	-2.4285
40143	-0.842
40144	-1.5765
40141	0.264
40142	1.128
40140	0.0375
40136	-1.513
40137	-1.293
40138	-0.385
40139	1.0085
40132	-1.9985
40133	-2.3045
40134	-1.978
40135	-1.8545
40130	-0.278
40131	-2.253
40127	-0.971
40128	-0.9655
40125	0.4235
40126	-0.298
40129	-0.1715
40120	-1.13
40123	-0.619
40124	-0.0535
40121	-1.2905
40122	-0.452
40114	-0.88325
40115	0.5385
40116	-0.0115
40117	-0.2195
40118	-0.9185
40119	-0.352
40110	-4.462
40111	-0.637
40112	-0.474
40113	-0.2735
40189	-0.505
40188	-0.6915
40187	-1.8395
40186	0.082
40185	-0.0405
40184	0.586
40183	-2.178
40181	-1.024
40182	-0.8025
40180	0.6255
40177	-0.7825
40176	-0.2275
40179	0.4385
40178	0.6565
40173	0.966
40172	-0.4495
40175	-0.1035
40174	-0.9195
40170	-0.136333
40171	0.4325
40164	-1.129
40163	-0.821
40162	0.309
40161	1.04
40168	-1.74725
40167	-0.594
40166	-0.3615
40165	-1.707
40169	0.362
40160	1.0785
40151	0.9195
40150	0.1085
40153	0.356
40152	1.2425
40155	-0.8835
40154	-0.79
40157	0.396
40156	0.2315
40159	0.8085
40158	0.915
39468	-2.5535
39469	-0.9605
39461	0.271
39460	-0.7635
39463	-1.02525
39462	-0.2925
39465	-1.2315
39464	-1.072
39467	-0.9135
39466	-2.1725
39479	4.151
39470	-2.3615
39474	-1.816
39473	-1.6225
39472	-0.877
39471	-2.094
39478	1.114
39477	1.251
39476	-1.9655
39475	-2.603
39446	-0.417
39447	-0.15
39448	0.2425
39449	0.4425
39443	-0.3115
39442	-0.222
39445	0.2575
39444	0.013
39441	-1.076
39440	-1.5555
36895	-1.126
36894	-0.9565
36897	-0.251
36896	0.17
40193	0.594
36899	-0.1315
39459	0.15175
40192	1.2815
36898	0.0255
39457	-0.635
40190	-0.8375
39458	0.1185
40196	-0.134
39456	-1.7875
40197	-0.287
39455	-0.453
40194	0.199
39454	-0.296
40195	-0.247
39453	-1.72933
36890	-0.0295
39452	-0.5655
36891	-0.3895
39451	-1.0215
40198	1.027
36892	-0.742
39450	0.3175
40199	-0.3915
36893	-0.789
38816	-0.802
38817	-1.781
38818	0.304
38819	0.3745
38812	2.1485
39425	1.1935
38813	0.704
39424	-1.5825
38814	0.634
39427	-1.596
38815	-0.991
39426	-1.126
39429	-0.1035
39428	-0.453
38810	1.281
38811	1.017
39420	-0.9905
39421	-0.868
39422	-0.8895
39423	-0.8785
38829	-0.0095
38827	0.2855
38828	-0.0155
38825	1.31
39438	-1.264
38826	0.821
39437	-1.059
38823	0.402
39436	-0.403
38824	1.4175
39435	-0.248
38821	-0.0275
38822	3.622
38820	-0.669
39439	-0.7485
39430	-0.3375
39433	-0.6035
39434	-0.3515
39431	-0.5455
39432	-0.765
39407	-0.6
39406	-0.6075
39409	0.459
39408	0.4405
39403	-2.326
39402	-2.933
39405	-0.574
39404	-0.284
39400	-0.1455
39401	-0.107
38807	-0.2675
38808	0.7345
38805	-0.1795
38806	-0.803
38809	0.5485
38800	-2.331
39419	0.032
39418	0.033
39417	-0.243
38803	1.1255
39416	0.914
38804	-1.1095
39415	0.425
38801	-2.0145
39414	0.6695
38802	-0.64
39413	-0.0155
39411	0.2175
39412	0.461
39410	0.2795
37292	0.5335
37291	0.564
37290	-0.589
37296	-2.187
37295	-1.4845
37294	-1.3975
37293	-0.069
37299	-0.812
37298	-2.138
38740	0.156
37297	-0.0895
38741	0.05825
36952	1.048
38743	-0.064
36951	-2.292
38742	0.1515
36950	-2.065
38745	-1.6905
38744	0.3105
36956	-0.084
38747	-0.267
36955	1.42
38746	-2.676
36954	1.6975
38749	0.1315
36953	0.608
38748	0.808
36959	0.0115
36958	-0.158
36957	-1.02
37281	-2.754
37280	-4.4175
37283	-0.3085
37282	0.211
37285	-2.7495
37284	-2.088
37287	0.685
37286	0.0153333
38730	0.0645
37289	-2.4355
37288	1.699
36961	-2.7515
38734	-3.253
36960	0.354
38733	0.1985
36963	-1.041
38732	-1.0035
36962	-1.0585
38731	-2.725
36965	-1.284
38738	-0.9135
36964	-1.293
38737	-0.988
36967	0.7035
38736	-3.5195
36966	0.0895
38735	-2.8865
36969	-1.526
36968	-0.6565
38739	0.387
37270	-2.045
37278	-0.1405
37277	0.1225
37276	-3.941
37275	-1.185
37274	-2.093
37273	-0.5725
37272	0.343
37271	-1.8825
36934	-0.523
38725	-0.7845
36933	-0.535
38724	-0.84
36932	-0.962
38727	-1.382
36931	-0.0365
38726	0.524
36930	-0.4205
38721	-0.2895
38720	-0.3275
37279	-2.1885
38723	-0.6655
38722	0.292
36939	-0.941
36938	0.4875
38729	-1.5745
36937	-0.1985
38728	-4.288
36936	0.334
36935	-0.319
37265	-0.751667
37264	-2.806
37267	-0.621
37266	-0.354
37261	-2.0785
37260	-1.2205
37263	-1.4155
37262	-1.3245
36943	0.477
38716	-0.0695
36942	0.65
38715	-0.412
36945	0.5455
38714	-0.525
36944	0.216
38713	-1.2675
37268	0.5085
38712	-0.5825
37269	0.2425
38711	0.4365
36941	0.7115
38710	0.611
36940	1.151
36947	-0.5628
36946	-0.4635
38719	0.0375
36949	-0.44
38718	-0.033
36948	0.016
38717	0.0565
37251	-1.145
37252	-3.833
38781	-2.719
37250	-2.2305
38780	-1.8335
36992	0.7755
37255	0.6125
38783	-2.923
36991	0.408
37256	-1.71067
38782	-3.626
36990	-0.4025
37253	-0.359
38785	-2.3515
37254	-1.631
38784	-2.051
36995	-0.026
38786	-3.163
36996	0.3515
37259	-2.678
38787	-3.816
36993	0.7655
37258	-0.91
38788	-2.141
36994	-0.10925
36999	-0.484
36997	-0.295
36998	-0.4295
38770	-1.224
37240	-2.3095
37241	-2.41725
37242	-3.2545
38774	-3.174
37243	-1.971
38773	-2.088
37244	-1.9715
38772	-0.915
37245	-1.4165
38771	-4.299
37247	-0.2365
38777	-1.715
37246	-0.9325
38778	-3.156
37249	-1.696
38775	-0.103
37248	1.0255
38776	-0.401
38779	-1.382
36970	1.58
37233	-2.111
38761	-2.614
39493	-0.517
38760	-2.123
39494	-3.526
37231	-1.344
38763	-2.5275
39495	-0.0115
37232	-1.913
38762	-1.6805
39496	-0.704
39497	0.198
37230	-1.7445
39498	1.3245
39499	-0.552
39490	1.1345
39491	0.017
39492	0.019
36979	-0.289
36977	-0.026
38768	1.126
36978	-0.19
38769	-0.5804
36975	0.953
36976	0.8955
37239	-3.782
36973	2.9635
37238	-2.4955
36974	0.742
37237	-1.377
38765	-5.029
36971	1.006
36972	0.204
37235	-2.491
38767	1.6145
37220	-0.052
39484	-0.119
37221	-2.069
38751	-1.38
39485	0.6495
36981	-0.171
37222	-2.224
38750	-2.748
39482	1.3
36980	-0.748167
37223	-1.3825
39483	-0.4305
39488	0.2135
39489	0.5245
39486	-0.83475
39487	-0.5705
39480	5.168
39481	5.1465
36986	-2.59
37229	-2.318
38759	-2.382
36987	-1.1105
37228	-0.3055
36988	-0.5815
38757	-2.011
36989	-1.361
38758	-2.111
36982	-2.745
37225	-0.864
38755	-2.111
36983	-0.544
37224	-2.72367
38756	-3.609
36984	-0.2775
37227	-1.8315
38753	-0.0165
36985	0.186
37226	-1.045
38754	-3.163
37213	0.3205
37214	-0.813
37215	-1.13267
37216	-0.981
37217	0.2145
37218	-0.1985
37219	-0.027
37210	-3.028
37212	1.4905
37211	0.0405
37204	-4.7
37205	-0.395333
37202	-2.827
37203	-0.6365
37208	-2.082
37209	-1.816
37206	-0.709
37207	-0.464
37201	-1.807
37200	-2.5045
38798	-1.6525
38799	-1.6845
38793	0.429
38794	-0.1655
38795	-0.854
38796	-3.911
38790	-3.782
38792	-1.051
36913	1.0705
36914	-0.059
36915	-0.0365
36916	0.0995
36917	0.3005
36918	0.054
36919	0.252
36910	0.4475
36911	0.8155
36912	0.2215
36926	-1.624
36927	-1.775
36924	0.2485
36925	1.228
36928	-0.494
36929	-0.5485
36922	0.3335
36923	-1.764
36920	0.3765
36921	0.7835
40100	-1.163
40102	0.2105
40101	0.2185
40104	0.2405
40103	0.2615
40106	-1.979
40105	0.0685
40108	0.748
40107	-0.989167
36908	-0.553
36909	0.306
36906	-0.1875
36907	-0.3955
36904	-0.0855
36905	-0.395
36902	-0.5195
36903	-0.2095
36900	0.094
36901	0.2995
40002	-0.0805
40003	0.8525
40000	-0.0765
40001	-0.8185
40006	-1.049
40007	1.3315
40004	1.103
40005	0.3025
40008	-0.291
40009	-0.523
40024	-0.0325
40025	-1.5305
40022	-0.069
40023	0.0165
40020	-0.701
39500	0.2225
40021	-0.198
40028	-1.669
40029	-1.5945
40026	-1.185
40027	-3.762
39509	-1.0475
39503	-0.264
39504	1.095
39501	0.182
39502	-1.0575
39507	-0.474
39508	-1.3515
39505	-0.0045
39506	-0.27775
40011	-0.34
40012	0.3985
40013	0.596
40014	0.558
39511	0.969
40010	-0.367
39510	-0.204
40019	-1.0315
40015	0.484
40016	0.457
40017	0.383
40018	0.15
39512	0.31
39513	0.8545
39514	0.806
39515	0.4745
39516	-0.578
39517	-0.3935
39518	-0.4385
39519	-0.01925
40049	0.09375
40048	0.1965
40043	-0.406
40042	-3.001
40041	1.091
40040	0.829
40047	0.3535
40046	-0.2395
40045	0.1345
40044	0.4885
40038	-0.081
40037	-0.125
40039	-0.064
40030	-1.56
40032	-1.4625
40031	-3.2765
40034	-0.608
40036	-1.04467
40035	-0.22075
40069	0.3455
40068	-0.0328333
40067	-0.946
40066	-0.447
40065	-0.5255
40064	-0.6525
40063	-0.789
40062	0.079
40060	-0.6275
40061	0.123
40059	-0.701
40056	0.7045
40055	0.703
40058	-0.5365
40057	0.0915
40052	0.806
40051	0.8855
40054	0.3205
40053	0.623
40050	0.619
36787	0.583
36786	0.0425
36785	-0.0595
36784	0.69
40081	0.942
39567	-0.091
40080	0.8175
39568	-0.748
40083	0.703
36789	-0.0275
39569	0.04
40082	0.9325
36788	-1.933
40084	0.257
39564	-0.6735
40085	0.4375
39563	-0.4995
40086	0.952
39566	-3.8315
40087	-0.1915
39565	-0.2765
40088	0.0766667
36782	-2.2455
39560	1.283
40089	0.826
36783	-1.54575
36780	-0.18075
39562	-1.018
36781	-0.361
39561	-0.779
36774	-1.668
36773	1.23433
36776	-2.438
36775	0.873
40072	0.7495
36778	0.178
40071	0.817
36777	-1.9355
40070	0.803
39578	0.099
36779	-1.374
39579	-0.065
40075	0.5195
39577	0.264
40076	0.0675
39576	0.3465
40073	0.899
39575	0.4465
40074	0.68
39574	-0.4295
40079	0.877
39573	-4.484
36770	1.3865
39572	0.642
40077	0.047
36771	-1.331
39571	-1.249
40078	0.5765
36772	0.3715
39570	0.537
39589	-1.242
39582	-0.0655
39581	-0.034
39584	-0.389
39583	-2.726
39586	-0.366
39585	-0.4885
39588	-1.748
39587	0.6105
39580	-0.147
38909	-0.403
38908	-1.231
38907	0.604
38906	0.41
38905	0.5215
38904	0.8755
40094	-0.4445
38903	0.592
40093	-0.0375
36799	-0.6875
38902	0.2955
40092	-0.07275
38901	0.1955
40091	-0.277
38900	1.194
40090	-0.235
36796	-2.364
36795	-0.424
36798	-0.891
36797	-1.594
36791	-2.2905
39595	-2.091
36792	-0.1895
39594	0.068
40099	-0.9375
36793	0.17
39593	-2.977
36794	0.427
39592	-1.17125
40097	-0.3375
39599	-4.787
40098	-0.6765
39598	-1.192
40095	-1.4515
39597	-0.9505
40096	-0.2075
36790	-0.70325
39596	-1.427
39591	-0.9665
39590	-1.4475
38027	-0.2455
39528	-0.697
38028	-0.6105
39527	-1.028
38029	0.3745
38910	-0.8335
39529	-0.3845
38911	-0.0255
39524	-0.01
38912	-0.1325
39523	1.974
38913	0.139
39526	-1.29
38914	0.205
39525	0.0895
38915	-0.0015
38916	0.1975
38917	0.0765
38918	-0.0745
38919	-2.1955
38020	1.1025
39520	-0.065
38022	-0.431
39521	0.279
38021	0.72575
39522	0.5095
38024	-0.219
38023	-0.5505
38026	-0.4
38025	-0.244
38018	-0.219
38920	2.1975
38019	0.763
38921	1.201
38016	0.025
39539	-1.0375
38017	0.4545
39538	0.4295
38924	0.351
39537	0.418
38925	0.566
39536	0.2565
38922	-0.118
39535	-0.3805
38923	0.3745
39534	0.646
38928	-0.009
38929	-0.168
38926	0.326
38927	-0.3315
38011	0.261
39532	0.011
38010	0.1085
39533	-0.5545
39530	-0.3025
39531	-0.038
38015	0.011
38014	0.23
38013	-0.825
38012	-0.938
38009	-0.7575
38933	4.755
39546	-1.334
38934	4.6665
39545	-1.1965
38935	5.1295
39548	-1.9805
38936	0.4255
39547	-1.733
38005	0.6905
38006	-0.8495
38930	-1.217
39549	-2.224
38007	-0.489
38931	-0.0705
38008	-0.2875
38932	0.506
38937	0.15875
38938	-0.11
38939	0.6255
38002	0.615
38001	0.394
38004	-0.0115
38003	0.6455
39540	-1.165
39541	-0.9475
39542	-0.1465
38000	0.601
39543	-0.3615
39544	-2.187
38946	0.491
39559	1.3075
38947	0.224
39558	1.142
38944	0.44275
39557	1.2245
38945	0.65825
39556	1.094
38942	0.511
38943	0.534
38940	0.6345
38941	0.695
38948	0.14
38949	-0.1645
39550	-2.429
39551	-2.0905
39554	0.9365
39555	1.0315
39552	-0.8375
39553	-1.1035
38056	-1.613
37399	-0.586
38057	-0.7755
37398	-0.1705
38058	-0.787
37397	-0.098
38059	-0.004
37396	-0.075
38840	-1.3685
38052	-0.42925
37395	-0.6235
38053	-1.2
37394	1.002
38054	-1.551
37393	-1.3285
38055	-1.591
37392	-0.8855
38950	0.1615
37391	0.588
37390	0.554
38050	0.069
38051	-0.2805
38959	0.4565
36819	-2.367
36818	0.7665
36817	-1.0835
36816	1.2335
38849	-0.385
36815	-1.649
36814	-0.242
36813	-2.32525
38846	-0.1135
38952	-1.4655
36812	-1.238
38845	-0.452
38951	-0.738
36811	-0.369
38848	-0.2785
38954	-2.539
36810	-1.143
38847	-0.277
38953	-2.981
38842	0.114
38956	-0.5225
38841	-1.282
38955	0.861
38844	-0.5805
38958	0.349
38843	-2.095
38957	-0.782
38069	1.969
37386	0.0125
37385	-0.2905
38067	-1.9995
37388	0.927
38068	0.2245
37387	-0.9725
38065	0.0955
37382	-0.565
38960	-1.404
38066	0.2235
37381	0.656
38961	-0.1025
38063	0.5495
37384	0.209
38064	0.5445
37383	-0.0815
38061	-0.0265
38062	-0.098
37380	0.675
38060	-0.2075
36829	-0.9165
36826	0.692
36825	0.7605
36828	0.5415
38839	-0.4765
38838	-0.0315
36822	0.1785
38837	-1.132
38965	-1.353
36821	-0.383
38836	0.4005
38964	-0.1535
36824	0.8645
38835	0.2625
38963	-0.1425
36823	0.666
38834	0.353
38962	-0.205
37389	0.1675
38833	0.3745
38969	-1.1095
38832	0.8865
38968	-1.421
36820	-0.4205
38831	0.0265
38967	-1.2445
38830	-0.0755
38966	-1.14175
38030	-0.3005
38031	0.76
38970	-0.462
38032	-0.7005
38971	-0.2515
38033	-0.4585
38972	-0.3535
38034	-0.376
38035	0.0605
38860	-0.573
38036	-0.8225
38861	-0.166
38037	-0.49
38862	-1.01375
36839	0.477
36838	-0.084
36837	0.518
36836	1.304
38039	-0.0055
36831	0.6095
38864	-0.4265
38978	-2.3055
38038	-0.805
36830	-0.356
38863	-0.554
38866	-0.6525
38865	-0.6145
38979	-1.604
36835	3.5985
38868	0.2465
38974	-1.2445
36834	-0.492
38867	0.725
38973	-0.7185
36833	0.907
38976	-1.955
36832	-0.38725
38869	0.2165
38975	-1.283
38043	-0.863
38982	-0.4385
38044	-0.678
38983	-0.1295
38041	-0.0875
38980	-2.9765
38042	-1.257
38981	-2.919
38047	0.244
38850	-0.684
38048	-0.0425
38851	-0.6975
38045	1.5485
38046	0.13
38040	-0.0315
36848	0.1285
36847	0.004
36849	0.3585
36840	-0.6595
38855	-1.4425
38854	-0.8905
36842	0.0365
38853	-0.737
38989	-0.449
38049	0.221
36841	0.6895
38852	-0.614
38988	-0.999
36844	-0.116
38859	-0.675
38987	0.19
36843	-0.0405
38858	-0.642
38986	-0.24725
36846	0.57275
38857	-1.0285
38985	-0.834
36845	-0.2655
38856	-0.744
38984	0.157
38093	-0.165
38092	0.172
38095	0.04
38094	0.0805
38091	-1.126
38090	-1.172
37354	-0.37775
38882	-4.095
37355	0.728
38881	-1.8735
37352	-1.1115
38884	0.6765
38990	-0.1585
37353	-1.843
38883	0.489
37350	1.223
38097	0.189
38992	-0.003
37351	-1.079
38096	0.202
38991	-1.043
38099	-0.0765
38880	-0.891
38994	0.1495
38098	0.022
38993	0.1885
36856	1.856
38889	0.011
38995	0.0435
36857	1.9975
38996	0.296
36854	2.4565
38997	-0.2825
36855	2.6075
38998	-0.2605
37359	-0.5185
36852	0.7505
38885	0.767
38999	0.382
37358	0.572
36853	0.587
38886	-0.4765
37357	-0.202
36850	0.1705
38887	0.098
37356	-0.8315
36851	1.1775
38888	0.1535
36858	0.0155
36859	-0.3915
37341	-1.918
38873	-1.593
37342	-3.5145
38872	-1.0525
37343	-1.244
36860	0.411
38871	-0.1685
37344	-1.1935
37340	-1.95325
36865	-2.268
37349	1.41
36866	-0.8395
36867	-0.503
38878	-0.3595
36868	-0.265
38879	-1.2005
37346	0.2715
36861	0.1575
38876	0.4685
37345	-0.517
36862	0.113
38877	-0.1305
37348	1.1035
36863	-0.175
38874	-0.3905
37347	-1.358
36864	-0.059
38875	-0.5795
36869	-0.42
38071	0.7
38070	-0.459667
38073	0.7005
38072	0.52
38075	0.513
37372	-0.1315
38074	0.2995
37373	0.163
38077	-0.008
37370	0.278
38076	0.35
37371	0.1135
38079	-1.2895
37376	-0.662333
36871	-0.6295
38078	-0.075
37377	-0.683
36870	0.2785
37374	-0.2275
37375	0.084
36874	0.087
36875	0.532
37379	-0.6135
36872	-0.6885
37378	-0.48
36873	-0.038
36878	0.6085
36879	1.692
36876	0.25
36877	0.498
38080	-1.2385
38084	-2.873
38083	-2.981
38082	-1.085
38081	-1.6105
38088	-1.521
38891	-1.364
37360	-0.167
38087	-2.0245
38890	0.1475
37361	-1.561
38086	-2.1815
37362	-0.905
38085	-2.3955
37363	-0.8115
36880	1.538
38895	-0.147
37364	-0.4395
38894	-1.085
37365	-0.294
36882	0.593
38893	-1.0105
37366	-1.4955
38089	-1.2535
38892	-0.665
37368	-1.282
36883	0.38
38898	-1.0115
37367	0.3815
36884	1.0485
38899	-0.226
36885	0.65125
38896	-0.2355
37369	-0.274
36886	0.862
38897	-0.0015
36887	1.2365
36888	0.228
36889	-0.454
37316	-0.385
37317	-0.53275
37318	-2
37319	0.01025
37312	-1.0415
37313	-1.133
37314	-2.315
37315	-1.604
37311	-0.519
37310	-1.012
37309	0.34
37307	-0.017
37308	0.3395
37305	-1.805
37306	-0.0245
37303	0.7925
37304	-0.252
37301	-0.972667
37302	0.6355
37300	-0.0815
37334	0.6075
37335	-0.0055
37336	-1.036
37337	-0.106
37338	-0.1465
37339	-1.4265
37331	0.012
37330	0.4125
37333	-0.006
37332	1.3545
37325	-0.126
37326	-0.084
37323	0.332
37324	-1.4295
37329	-1.3815
37327	-1.4825
37328	-1.3485
37322	-0.32025
37321	-0.237
37320	0.5245
36801	-2.56775
36802	-0.36775
36800	-1.5975
36805	-0.672667
36806	-0.6055
36803	-1.099
36804	-1.4645
36809	0.032
36807	-0.4525
36808	0.0035
37099	-0.307
37096	1.891
37095	0.1485
37098	-1.09
37097	-0.0965
37092	0.2315
37091	0.165
37094	0.5065
37093	0.8705
37090	-1.733
37089	-3.356
37088	-1.295
37087	-0.2205
37086	-1.643
37085	-1.386
37084	-1.9705
37083	-0.824
37082	-0.3125
37081	-1.091
37080	-1.2605
37074	-2.06
37073	0.5905
36690	0.2145
37076	-1.866
36691	-0.7685
37075	-0.198
36692	-0.804
37078	-0.7095
36693	-0.78375
37077	0.639
36694	-0.3385
36695	-0.278
37079	0.1845
37070	0.1695
37072	0.2985
37071	-0.028
36697	0.7445
36696	0.1675
36699	0.017
36698	-0.1685
37065	0.3735
37064	-1.9595
37063	-0.673
37062	-0.8245
37069	-1.616
37068	0.093
37067	-0.811
37066	-0.9225
37061	0.0395
37060	0.27
36671	-1.735
36670	-0.543
36673	-0.4735
36672	-0.4205
36678	-0.9855
36679	-1.0785
36674	-0.3065
36675	-0.456
36676	-0.359
36677	-0.42325
36684	0.4465
36683	-0.9725
36682	-0.9455
36681	-1.1705
36680	-2.672
36689	0.4055
36687	0.475
36688	0.2845
36685	-0.752
36686	-0.382
36651	-1.1885
36650	-1.1925
36652	-1.158
36653	-1.102
36654	-0.94
36655	-0.916
36656	-0.9535
36657	-0.8295
36658	-0.8155
36659	-0.921333
36662	-0.495
36661	-0.582
36660	-1.79
36665	-0.699
36666	-0.698
36663	-0.4985
36664	-0.41
36669	-1.889
36667	-0.799667
36668	-0.476
37767	-3.6515
39248	-1.231
37768	-1.332
39249	-0.5685
37769	-1.717
37763	-0.902
37764	-0.636
37765	-0.39
37766	-1.943
37760	-0.322
39241	-1.582
39240	-1.7805
37762	-0.661
39243	-1.871
37761	-0.459
39242	-2.1565
39245	-0.12675
39244	-0.19825
39247	0.1985
39246	-2.23125
37778	0.443
39259	-0.3735
37779	0.0975
37776	0.155
37777	1.3555
37774	-1.0225
37775	-0.3545
37773	-0.189
39254	0.9
37772	-0.3275
39253	1.8715
37771	0.1795
39252	0.7685
37770	-0.6445
39251	-0.595
39258	-2.26175
39257	-0.5735
39256	-0.0445
39255	1.0165
39250	-0.312
37749	-0.5615
37741	-0.614
37742	-0.843
37743	0.029
37744	0.2505
37745	0.2525
37746	0.3985
37747	-0.3625
37748	0.0965
39267	-0.301
39266	-1.331
39269	-1.316
39268	-0.112
39263	-0.615
39262	-1.0175
37740	0.327
39265	-1.0335
39264	-0.6315
39261	-1.604
39260	-2.9525
37754	0.4165
37755	1.5265
37752	0.264
37753	-0.523
37758	-0.2665
37759	-0.2575
37756	1.3775
37757	0.5955
38197	-0.597
38198	-0.6415
39279	-1.197
38195	-0.5535
39278	0.884
38196	-0.717
39277	0.6185
37751	1.0935
39276	-0.295
37750	1.327
39275	-0.1465
38199	-0.4445
39274	-0.1055
39273	-0.9
39272	-1.838
38190	-0.26025
39271	-1.9135
39270	-1.586
38193	-0.43
38194	-0.274
38191	-0.903
38192	-0.2965
38181	-0.983
38180	-0.5915
38183	-0.923
38182	-2.0445
39280	-1.8995
39281	-2.9835
39282	-1.344
39283	-0.714
38189	-0.6335
39284	-1.0055
38188	-0.7075
39285	-0.831
39286	-1.1735
39287	-0.644
38185	-1.0625
39288	-0.4865
38184	-0.249
39289	-2.664
38187	-1.3445
38186	-1.232
38172	-1.0985
38171	-0.951
39290	-0.4555
38170	-3.178
39293	-0.828
39294	-0.704
39291	-2.21
39292	0.629
39297	-0.39625
38179	-0.32
39298	-0.9095
38178	-0.4585
39295	0.4195
38177	-0.509
39296	0.6075
38176	-0.144
38175	-0.82725
38174	-0.785
39299	-0.1505
38173	-2.782
37786	-1.83
37785	0.325
37788	-2.8
37787	-0.6825
37789	-1.4125
38161	-0.0675
38160	0.2115
38163	-0.0815
38162	0.161
37780	-0.501
38164	0.0415
37781	-0.239
38167	-0.0615
37782	-0.995
38166	-0.0725
37783	-0.3905
38169	-0.659333
37784	0.1695
38168	-0.154
37799	0.0445
37798	-0.1415
37797	-0.2475
38159	-0.061
37796	-0.207
38150	-0.5995
37790	-2.011
38154	0.3425
37791	0.0895
38153	0.347
38152	-0.636
38151	-0.5875
37794	0.0425
38158	0.057
37795	-0.182
38157	0.061
37792	-2.07925
38156	0.3305
37793	-0.1935
38155	0.207
38130	-0.8375
38131	0.9215
38132	-0.826
38133	-0.8745
38134	-0.416
38135	-0.2115
38136	-0.2755
37815	-0.1205
37816	-0.4275
37817	-1.617
37818	0.396
37819	-1.5065
38138	-0.3865
38137	-0.262
37810	0.0295
38139	-1.216
37811	-0.176
37812	-1.0995
37813	-0.245
37814	-0.289
38142	0.753
38143	0.368
38140	-0.477
38141	0.051
38146	0.1865
38147	-0.095
38144	0.4015
38145	0.183
37806	-0.268
37807	-0.377
37804	-0.188
37805	-0.5325
37808	-0.234
38149	-2.297
38148	-1.237
37802	-0.87625
37803	-0.078
37800	-0.141
37801	-0.018
38111	-0.233
38112	-0.2795
38113	-0.3425
38114	-0.8055
38110	-0.0985
38119	0.046
38116	-1.791
38115	-0.8305
38118	0.1785
38117	-0.2525
38124	-0.337
38125	-0.411
38122	-0.155
38123	-0.78
38120	-0.001
38121	-0.2755
38129	-1.004
38128	-1.6965
38127	-0.29
38126	-0.468
39211	0.6345
39212	0.5285
39213	-0.0635
39214	0.1935
37850	0.2695
39210	-0.799
37852	0.5105
37851	1.926
39219	-1.237
37854	0.096
37853	2.2945
37856	-0.0445
39216	-0.360667
37855	-0.126
39215	1.391
37858	-0.134
39218	-0.395
37857	0.0135
39217	0.7195
37859	0.06
39202	0.2485
39203	-0.9545
39200	-0.25
39201	-1.2415
38103	-0.3145
38101	-0.094
38100	-1.12167
37843	0.145
38106	-0.5195
37842	0.3325
38107	-0.3185
37841	-1.526
38104	-0.1185
39209	-0.3965
37840	-1.8345
38105	-0.5025
39208	-2.047
37847	0.6845
39207	-0.431
37846	-0.036
39206	-0.2215
37845	-0.751
38108	-0.149
39205	-0.8795
37844	-0.619
38109	-0.203
39204	-0.58
37849	5.769
37848	0.586
39230	-1.693
39231	-2.696
39232	-1.43
39233	-1.503
39234	-1.3665
39235	-1.693
39236	-0.336
37834	0.529
39238	0.232
37833	1.5805
39237	-0.646
37836	0.5155
37835	0.9725
39239	-1.4825
37830	2.775
37832	1.3275
37831	2.7155
37838	0.215
37837	-0.151
37839	-1.498
39220	-0.8675
39221	-0.367
39224	-0.2355
39225	-0.5645
39222	0.0825
39223	-1.092
37825	0.26
39229	-0.492
37824	-0.409
39228	0.014
37823	-0.591
39227	-0.2305
37822	-0.0505
39226	-0.0385
37821	-2.057
37820	-1.3725
37829	2.698
37828	3.3865
37827	3.103
37826	0.0855
36763	-1.0445
37004	-0.654
36762	0.1805
37005	0.443
36765	0.503
37006	0.88
36764	-1.2195
37007	0.965
36767	-0.4545
37008	-0.9815
36766	-2.1965
37009	0.5375
36769	0.18675
36768	-2.67133
37001	0.801
37000	0.9165
36760	0.3445
37003	0.8225
36761	0.1585
37002	0.8395
36759	-1.0085
36754	-3.576
37017	-4.696
36753	-0.728
37018	-2.6075
36752	0.2925
37015	-1.585
36751	0.1025
37016	-2.472
36758	0.86
36757	-1.795
36756	-0.8835
37019	-4.895
36755	-3.8925
37010	0.1355
37014	-2.862
36750	-4.4255
37013	-2.401
37012	0.64
37011	-0.853
36749	-1.7075
36748	-2.691
36745	-2.0285
36744	-2.943
36747	-2.318
36746	-0.549667
36741	-1.9555
36740	-1.336
36743	0.539
36742	-2.093
36739	0.12525
36738	0.483333
36737	-0.373
36736	0.361
36735	0.1415
36734	-1.1925
36733	-0.83825
36732	0.275
36731	-0.512667
36730	-1.69625
37049	-2.465
37048	0.888
36720	-0.9635
36721	-0.841
36722	-0.563
36723	-1.5935
36724	-0.4055
36725	-0.827
36726	-0.2605
36727	-2.06
36728	0.7165
36729	-2.4555
37040	-0.5045
37041	-0.1885
37042	0.0795
37043	1.704
37044	0.1015
37045	0.3145
37046	0.995
37047	-0.0135
36710	-0.138
37059	0.4905
36713	0.835
36714	-0.0445
36711	-2.403
36712	-0.6955
36717	-1.437
36718	-0.4325
36715	-0.681
36716	-1.443
36719	-0.937
37050	0.0315
37053	0.412
37054	0.5985
37051	0.6285
37052	0.255
37057	-0.2925
37058	0.5365
37055	0.4525
37056	-0.9205
36700	-0.017
36701	0.3515
36702	1.3345
36703	1.051
37027	-1.8955
37026	-1.2745
37029	-3.557
37028	-1.5995
36708	-0.4645
36709	0.1245
36704	-0.0635
36705	0.503
36706	0.521
36707	0.3705
37023	-1.889
37024	-1.543
37025	-3.88
37020	-1.4515
37021	-2.474
37039	-0.14
37038	-0.652
37037	-0.831
37035	-0.324
37036	-3.5895
37033	-2.03767
37034	-2.2305
37031	-1.3105
37032	-2.375
37030	-1.0665
37191	-0.797
37190	-0.9915
37193	-2.748
37192	-1.57825
37195	-0.181
37194	-0.312
37197	-3.9525
36570	-0.4395
37196	-0.605
36571	0.292
37199	-2.401
36572	0.247
37198	-4.316
36573	-0.29225
36574	-0.471
36576	-0.616
36575	-0.4885
36578	-2.1305
36577	0.56
36579	0.3075
37182	-2.73033
37181	-2.356
37180	-3.032
36580	0.039
37186	-1.951
36581	0.068
37185	-2.181
37184	-2.271
37183	-1.404
36584	-1.3835
36585	-1.02
37189	-1.616
36582	0.4615
37188	-4.168
36583	-1.484
37187	-3.0495
36589	-0.303
36588	0.10925
36587	-0.626
36586	0.294
36593	0.303
36594	0.5195
36595	0.6135
36596	0.1185
36590	0.134
36591	0.1205
36592	0.5165
36598	0.0305
36597	-0.39325
36599	-0.314
36539	0.592
36534	0.086
36535	-0.4325
36536	0.2025
36537	0.4605
36538	0.527
36541	-0.276
36540	-0.02875
36544	-0.5545
36545	-0.5805
36542	0.9825
36543	-1.041
36548	-0.202
36549	-0.7795
36546	0.156
36547	-0.325
40641	-0.112
36550	0.1505
40640	0.545333
36552	-0.0665
36551	0.2385
40645	-0.472667
40644	-0.868
40643	-0.61
40642	-0.548
40639	-0.157
36557	-0.363
36558	0.8845
36559	0.6505
36553	0.3305
36554	0.09
36555	-0.0655
36556	-0.1605
36563	0.615
36562	0.77
40630	-1.4025
36561	0.0925
36560	0.258
40636	0.631
40635	0.6095
40638	0.105
40637	-0.0835
40632	-0.92425
40631	-0.7175
40634	0.749
40633	-0.9315
40628	-1.3175
40629	-1.4535
36568	0.421
36569	0.393
36566	0.205
36567	0.4585
36564	0.747
36565	0.8945
37620	0.207
37621	0.2505
37622	0.419
37623	-0.4215
37624	-0.897
37625	-1.1705
37626	-1.206
37627	-2.0915
40618	0.66
37628	-3.1155
40617	0.1215
37629	-2.704
40619	0.0865
40620	-0.6145
39380	-0.5115
40621	-1.7185
40622	0.237
39382	-0.1145
40623	-0.936
39381	-0.311
40624	-0.2025
40625	-0.2105
40626	0.317
40627	-3.1585
39388	-0.813
39387	-0.0185
39389	-0.451
39384	-0.0795
39383	-0.5605
39386	0.3015
39385	-4.1475
37633	0.185
37634	1.664
37631	-0.676
37632	0.3705
37637	-0.825
37638	-1.1845
37635	0.279
37636	0.1215
40609	-0.0635
40608	-0.0165
40607	0.2655
37639	-2.4155
40606	0.6085
40611	0.0005
39393	-0.5115
40612	-0.175
39392	-0.69
39391	-0.516
40610	0.3185
39390	-0.635
40615	0.3485
40616	0.0655
40613	-2.267
40614	0.3815
39399	-0.082
39398	-0.7035
37630	-2.02
39397	0.15675
39396	0.0285
39395	-0.0725
39394	-0.3225
37646	-0.6435
39369	0.1415
37647	0.3985
37648	0.2175
37649	0.8695
37642	0.43
37644	-0.2085
37645	-0.4215
40602	0.6265
40604	0.268
40605	1.764
40600	0.9
39360	0.5825
40601	-1.366
39362	4.486
39361	3.1025
37641	0.4595
39364	2.9455
37640	-1.952
39363	4.068
39366	4.045
39365	4.041
39368	-1.7905
39367	4.7965
37659	3.54
37657	4.0615
37658	2.124
37655	4.313
37656	4.0715
37653	4.598
37654	4.677
39371	0.39
39370	-1.36
37652	-0.681
39375	-0.745
37651	0.044
39374	-0.393
37650	-0.77
39373	0.316
39372	0.3465
39379	-1.902
39378	-0.033
39377	-0.2275
39376	-0.5895
37665	-1.61
37664	-1.1145
37667	-1.353
37666	-1.3515
37669	-0.846
37668	-1.2115
38284	-3.455
38283	-1.94075
38286	-2.092
38285	-1.045
37660	-0.5315
38288	-2.229
37661	-0.1865
38287	-0.1245
37662	-1.2175
37663	1.474
38289	-0.636
38280	-2.707
38282	-2.4845
38281	-2.485
37678	1.0065
37677	1.2825
37676	0.2865
37675	2.3945
37679	0.928
38275	-1.6215
37670	4.1245
38274	-2.6815
38273	-0.797
38272	-3.7955
37673	3.334
38279	-3.6325
37674	3.494
38278	-1.86275
37671	4.0215
38277	-1.857
37672	3.165
38276	-1.7585
38271	-1.874
38270	-3.076
37687	-0.185
37686	0.9105
37689	0.5415
37688	0.7465
37682	-0.5675
37683	0.5585
37684	0.6205
37685	-0.2615
37680	0.8245
37681	0.899
37699	0.029
37698	-0.677
37697	0.4555
37695	0.181
37696	-0.024
37693	0.1905
38299	0.316
37694	0.3125
38298	-1.36375
37691	0.401
38297	0.253
37692	0.5715
38296	-2.8625
38295	-1.356
37690	0.663
38294	-2.4825
38293	-0.688667
38292	-2.131
38290	-4.01
38232	-0.0485
38233	-1.9325
38234	0.042
38235	-0.649
39311	-1.2395
39310	0.133
38230	0.27
39313	-0.7885
38231	-1.572
39312	-1.0905
39314	1.0025
39315	0.204
39316	-0.46
39317	-0.952
38237	-0.66
39318	-0.1425
38236	-0.8275
39319	-0.558
38239	-1.7765
38238	-1.0805
38245	0.2775
38246	-0.092
38243	0.369
38244	-0.677
38241	-0.2995
39302	0.2895
38242	-0.6685
39300	-0.2485
38240	-0.5895
39305	-1.894
39306	-0.277
39303	0.6515
39304	-1.016
39309	0.1085
38249	-0.319
39307	-0.073
38247	-1.09
39308	-0.0865
38250	-0.6165
38251	-0.8845
38252	-0.6335
38253	-1.56
38254	0.250667
38255	-0.590333
38256	-0.8485
38257	0.0655
38259	-0.098
38258	0.3735
38260	-0.1665
38263	-0.343
38264	-0.2545
38261	-0.536
38262	0.5445
38267	-1.57475
38268	-3.044
38265	-0.292
38266	-2.8425
38269	-0.916
39350	0.1935
39351	0.416
39352	0.3
39353	0.558
39354	-0.5355
39355	0.271
39356	0.5665
39357	-2.14
37717	0.4545
37716	-0.4365
37719	1.6475
37718	1.601
37713	-1.488
39359	-0.855
37712	-0.6705
39358	0.4175
37715	-0.0195
37714	-2.783
37711	-0.6145
37710	-0.801
38202	-0.54
39341	0.025
38201	-0.519
39342	-2.302
38200	-0.595
39340	-0.065
39345	-0.782
39346	-1.988
39343	-1.245
39344	-0.547
37709	-0.276
37708	-0.4905
37707	-0.243
37706	-0.574
37705	-0.1785
37704	-0.1135
38209	-0.807
37703	-0.008
39349	0.281
37702	-0.0725
38207	0.644
39348	0.262
37701	-0.0825
38208	-0.161
39347	-1.3575
37700	0.01
38205	0.44925
38206	-0.691
38203	0.049
38204	-1.0155
39332	-1.0995
39333	-1.464
39334	-3.307
39335	-0.1845
38211	0.2235
38210	-0.889
38213	-0.3695
39330	-0.8725
38212	-0.6695
39331	-0.938
37739	-2.275
37738	0.1165
37731	0.815
38214	0.439
37730	0.4325
38215	-0.2685
37733	-0.424
38216	0.2475
37732	0.714
38217	0.393
37735	0.511
38218	-0.655
39337	-0.3325
37734	0.4205
38219	-0.176
39336	-0.2565
37737	-0.834
39339	-0.3985
37736	-0.273
39338	-0.4755
38220	0.932
39323	-0.05
39324	0.6625
39321	-0.134
39322	-0.546
38224	-0.687
38223	-0.4835
39320	-0.318
38222	0.839
38221	-0.2164
37729	0.1775
37728	1.005
37727	-0.002
37722	1.5245
38227	-0.018
37721	2.1565
38228	-0.7215
37720	1.7915
38225	0.0165
38226	-0.151
39329	-0.157
37726	0.4025
39328	-1.9305
37725	-0.3615
39327	-0.014
37724	0.2665
38229	-1.1515
39326	-1.053
37723	1.8985
39325	-2.725
36624	0.4755
37107	-0.131
36623	0.6345
37108	-0.1255
36626	0.1315
37109	0.5935
36625	0.225
36620	1.406
37103	-0.057
37104	-1.345
36622	1.2165
37105	-1.4795
36621	1.3775
37106	-1.835
36628	0.284
36627	0.178
36629	-0.203
37100	-1.41325
37102	-1.7065
37101	-0.4525
36615	0.0756667
36614	0.283
36613	0.1755
37118	-0.199
36612	0.1045
37119	-0.217
36611	-0.136
37116	-5.494
36610	-0.25
37117	-1.748
37114	-2.2035
37115	-3.3555
36619	1.28225
36618	1.456
36617	1.4655
36616	1.354
37113	-1.374
37112	0.006
37111	-1.815
37110	0.355
36642	-0.91075
37125	-1.941
36641	-0.7935
37126	-0.339
36644	-0.8575
37127	-1.501
36643	-1.062
37128	-0.421
36646	-0.511
37129	-3.2255
36645	-0.73125
36648	-1.339
36647	-0.306
36649	-0.427
37120	-0.079
37122	-3.108
37121	-1.0285
37124	-2.401
36640	-0.84225
37123	-1.3755
36633	0.0195
37138	-2.5515
36632	-0.09375
37139	-2.2055
36631	0.813
37136	-3.66
36630	-0.2815
37137	0.5105
36637	-1.594
36636	-1.268
36635	-1.3395
36634	-0.923
36639	-1.6295
36638	-2.10583
37131	0.082
37130	-2.426
37135	-1.087
37134	-0.174
37133	-1.0805
37132	-2.98
37148	-0.917
37147	-0.350333
37149	-0.64975
37143	-3.1145
37144	-0.987
37145	-1.35
37146	-2.6345
37140	-3.189
37141	-0.211
37142	-2.7605
37159	-2.065
37158	-2.1055
37156	-3.4065
37157	-0.0005
37154	-2.829
37155	-2.806
37152	-0.782
37153	-0.473
37150	-1.0865
37151	0.8735
36605	0.0205
36606	0.0125
36607	0.5265
36608	0.4555
36609	-0.0695
37169	-0.6405
36600	0.7865
36601	0.518
36602	0.60775
36603	-0.071
36604	-0.056
37161	-2.7755
37162	-2.8625
37163	-0.829
37164	-3.185
37165	-1.911
37166	-1.027
37167	-1.308
37168	-1.561
37160	0.3085
37174	-0.968
37175	-2.696
37172	-3.048
37173	-0.5765
37178	-3.2735
37179	-1.31
37176	-2.429
37177	-2.5405
37170	-3.2635
37171	-1.0775
40518	-0.1185
40519	0.0925
40528	2.6725
40527	3.1195
40526	2.1405
40525	0.375
40524	-0.212
40523	-0.8135
40522	0.266
40521	-0.3855
40520	0.5215
40507	-0.509
40508	-0.5905
40509	-0.9575
40515	-0.116
40514	-1.195
40517	-0.083
40516	0.489
40511	-1.1935
40510	-1.0105
40513	-1.029
40512	-1.113
40546	-0.7595
40545	-0.575
40544	-0.478
40543	0.769
40549	1.401
40548	1.2965
40547	-1.16
40542	0.5045
40541	0.201
40540	0.296
40529	1.21867
40532	0.244
40535	-0.411
40534	0.159
40537	-1.087
40536	-2.3635
40539	0.199
40538	-1.704
40531	0.8605
40530	1.75867
40563	-0.452
39089	-0.0905
40564	0.3975
39088	-0.4
40561	1.5495
39087	-1.109
40562	0.908
39086	-0.618
40560	1.589
39081	-0.9395
39080	-0.8555
40569	1.502
40567	-0.8595
39085	0.84
40568	0.0645
39084	0.942
40565	-0.516
39083	0.837
40566	-1.983
39082	-0.2095
40550	-0.303
39098	-0.9465
40551	0.8425
39097	-3.507
40552	-0.2035
40553	0.7615
39099	-1.0525
40558	0.3605
39090	-0.5355
40559	1.688
39092	-0.365
39091	-0.89375
40554	0.8095
39094	0.2565
40555	0.697
39093	-0.418
40556	0.1775
39096	0.585
40557	0.962
39095	0.3745
39899	0.3255
39897	0.86
39898	-0.104
40581	-2.417
39896	0.667
40582	-1.293
39895	0.3375
39894	-2.323
40580	0.181
39893	0.291
40585	-1.6845
39892	-0.1055
40586	0.2175
39891	0.44
40583	-0.4505
39890	0.32
40584	-0.332
40589	0.3515
40587	-0.128
40588	-1.3445
39886	-0.656
39887	-0.2865
39888	-0.4135
39889	-0.044
39883	0.453167
39882	1.5495
40570	1.069
39885	-1.2495
40571	-0.9995
39884	0.155
40572	-1.208
40573	-1.3295
40574	1.3065
39881	-0.1355
40575	-0.5725
39880	0.4795
40576	-0.339
40577	-0.127
40578	-0.1025
40579	0.1855
39040	0.6895
39041	0.504
39042	0.0115
39043	-0.2035
39044	-1.11025
39870	-0.2995
39045	-0.994
39871	-0.13
39046	-0.2275
39872	0.274
39047	-0.0565
39873	-1.276
39048	0.098
39874	0.021
39049	0.033
39876	0.052
39875	-2.296
39878	-0.4655
39877	0.367
39879	1.0165
39051	0.077
39052	-2.039
39050	0.0555
39055	-1.0665
39056	-1.22
39053	-0.343
39054	-1.054
39862	-0.386
39059	-0.153
39863	0.3435
39860	0.2545
39057	0.293
39861	0.3665
39058	0.1245
39867	0.4535
39866	0.296
39865	0.322
39864	-0.13
39869	-0.37
39868	0.5075
39060	-0.6235
39061	-0.4255
39062	-0.2255
39063	-0.305
39068	-0.2745
39850	0.2795
39069	-0.214
39851	0.5755
39852	-0.05
39064	0.025
39065	0.0885
39066	0.1745
39067	-0.293
39858	0.6515
39857	-0.6365
39859	0.193
39854	-0.8495
39853	0.8475
39856	-0.7665
39855	-0.798
39073	0.9415
39074	0.883
39071	-0.2915
39072	-0.7335
38392	1.1595
38391	-0.07
39070	-0.2865
38390	0.8465
39840	0.14
38396	0.398
39841	0.256
38395	1.0615
38394	1.6055
39079	-0.8605
38393	1.76
39077	-0.64275
38399	0.045
39078	-0.7205
38398	0.05
39075	0.767
38397	0.28
39076	-0.4105
39849	0.262
39848	0.0595
39847	0.0005
39846	0.2525
39845	0.3025
39844	-0.2025
39843	0.1515
39842	0.1855
39001	0.2035
39000	0.107
39003	-0.1075
39002	-0.2885
39830	-1.3375
39005	0.5425
39004	0.5175
39839	0.378
39831	-0.0065
39006	0.8685
39832	0.5285
39007	0.487
39833	0.2115
39008	0.9265
39834	1.706
39009	1.026
39835	-0.53675
39836	0.758
39837	2.061
39838	0.286
39012	-0.509
39011	-0.163
39010	0.5095
39016	0.2135
39015	0.6015
39014	0.1835
39013	-0.9105
39828	-0.7405
39829	-1.45125
39822	-0.345
39019	-0.0495
39823	-1.6895
39820	-0.025
39017	-0.3325
39821	-0.256
39018	-0.146
39826	-1.923
39827	-0.0605
39824	-1.185
39825	0.7175
39025	-1.073
39024	0.4465
39026	-0.939
37980	0.6125
39021	-0.02875
39020	-0.397
37982	-0.14
39023	0.28
37981	-0.049
39022	0.0095
40500	-1.0205
40501	-0.934
40502	-0.9655
40503	-0.7525
40504	-0.7355
40505	-0.656
40506	-0.2805
39817	0.177
39818	0.0005
39819	0.081
39813	-0.507
37983	-1.42
39814	0.3215
37984	-0.3875
39815	0.43
37985	0.046
39816	0.302
37986	0.214
37987	0.298
39028	0.272
39810	-1.147
37988	-2.015
39029	0.4455
39811	-0.2005
37989	0.207
39812	-0.5325
39038	-2.048
39037	-0.5755
39036	-1.895
39035	-0.5045
37993	-0.1685
39034	-1.2505
37992	-0.07
39033	-0.9265
37991	-0.127
39032	-1.175
37990	-0.4745
39031	-1.5325
39030	-1.384
39808	0.4765
39809	0.824
39806	0.4715
39807	0.4845
39804	0.1785
37996	-0.2275
39805	0.561
37997	-0.212
39802	0.0995
37994	-0.2715
39803	-0.3845
37995	0.033
39800	1.0955
39801	0.268
37998	-1.056
39039	0.2105
37999	-0.2925
39902	0.133
38335	-0.7075
39901	-0.019
39904	-0.035
38337	-0.165
39903	-0.143
38338	-4.635
38339	-2.184
39900	-0.0945
39909	-0.1195
39906	-0.084
39905	0.2255
39908	0.413
39907	0.304
38330	-3.0605
38332	-2.661
38331	-1.174
38334	-1.889
38333	-1.419
39915	-1.5535
38348	-2.3535
39914	0.37
38349	-2.1855
39913	-0.6755
38346	-3.227
39912	1.269
38347	-1.971
39911	-0.0185
39910	0.042
39919	1.6935
39918	1.3795
39917	0.9675
39916	0.4515
38341	-2.773
38340	-0.926
38345	-1.462
38344	-4.6055
38343	-1.941
38342	-4.305
38317	-2.0565
38318	0.019
38319	-1.496
38313	-2.126
38314	-1.71225
38315	-2.962
38316	-1.409
38310	-1.0695
38312	0.0815
38311	-1.798
38328	-1.421
38329	-1.563
38326	-1.316
38327	-2.895
38324	-2.0895
38325	-3.3845
38323	-1.957
38322	-2.4725
38321	-0.415
38320	-4.924
38379	-0.3155
38371	-0.30025
38372	0.522
38373	0.593
38374	0.1065
38375	2.706
38376	-0.5325
38377	0.7035
38378	-0.297
38370	-0.1605
38384	-0.319
38385	0.2555
38382	1.099
38383	1.58
38388	0.2245
38389	-0.264
38386	0.577
38387	0.231
38380	0.546
38381	4.858
38358	-3.9895
38357	-1.425
38359	-2.093
38354	-1.01617
38355	-1.678
38350	-5.496
38351	-1.627
38352	-1.782
38369	-0.66825
38368	-1.07525
38366	-1.9375
38367	-0.106
38364	-1.269
38365	-0.331
38362	-1.551
38363	-1.2725
38361	-3.1735
40599	0.486
40598	0.916
40593	-0.6105
40592	-1.2145
40591	-0.053
40590	0.103
40597	0.8675
40596	-1.3265
40595	-0.747
40594	-0.0775
38300	-2.331
38301	-2.0955
38303	-1.3795
38302	-2.9505
38305	-1.2075
38304	-2.515
38307	-1.238
38306	-2.016
38309	-1.62
40419	-0.778
40421	-1.98975
40420	-0.5135
40425	-0.5565
40424	0.1615
40423	0.1785
40422	-4.1565
40429	-0.008
40428	-0.6375
40427	0.156
40426	0.2105
40408	0.335
40409	-1.02
40410	-0.544
40412	-1.694
40411	-0.5305
40414	-0.6475
40413	-0.851
40416	-1.637
40415	1.971
40418	-1.5695
40417	-0.321
40407	0.1065
40406	0.2555
40405	0.3775
40404	-0.609
40403	-1.244
40402	-0.2095
40401	1.031
40400	0.6525
40468	0.193
40469	0.377
40466	0.1935
40467	0.314
40460	0.1985
40461	-0.116
40464	-0.197
40465	-0.477
40462	0.456
40463	0.2215
40455	-0.2295
40456	0.0785
40457	0.1955
40458	-1.2745
40459	0.2675
40450	-0.3865
40451	-0.69
40452	-0.341
40453	-0.151
40454	-0.139
40448	0.2705
40449	-0.5845
40446	1.02
40447	0.4165
40444	-3.1315
40445	-0.257
40442	-2.748
40443	0.55
40440	0.0245
40441	-0.65
40437	-0.3975
40438	-1.6365
40439	-0.5715
40433	0.205
40434	2.9955
40435	-0.584
40436	-1.181
40430	1.0965
40431	0.9265
40432	0.571
39970	-0.0985
39189	-0.2125
39971	0.0015
39972	0.128
39973	0.427
39185	-1.237
39186	-0.39
39187	-1.6725
39188	-0.6295
39181	-0.8685
39182	0.2285
39183	-0.0225
39184	-0.275
39180	0.684
39979	-1.1725
39978	0.6924
39975	0.517
39974	0.268333
39977	0.4275
39976	1.54175
39961	0.246
39962	-0.629333
39960	-0.849
39198	-0.0505
39199	-0.0665
39196	0.8695
39197	-1.0675
39194	1.066
39195	-0.281
39192	-0.6445
39193	-0.147
39190	0.3375
39191	-0.493
39969	0.069
39968	-0.244
39967	0.146
39966	-0.1705
39965	-0.144
39964	-0.66625
39963	-0.0235
39163	-1.484
39164	-1.238
39990	-2.569
39165	-2.3415
39991	-0.1895
39166	-1.233
39992	0.4275
39167	-1.3995
39993	1.172
39168	-5.299
39994	-1.116
39169	-1.472
39995	-0.816
39160	-1.589
39161	-2.048
39162	-2.118
39997	-1.2425
39996	-1.164
39999	-0.992
39998	-1.42
39176	0.3215
39980	-0.104
39177	-0.8205
39174	0.172
39175	-0.101
39983	0.7065
39984	-1.51433
39981	-0.9105
39178	-0.8495
39982	0.6545
39179	-0.0615
39172	0.654
39173	0.0875
39170	0.382
39171	-1.58267
39988	-0.181667
39987	1.12
39986	-1.469
39985	-0.891333
39989	-1.4845
39140	-0.608
39146	-3.3985
39145	-2.032
39148	-1.9025
39147	-1.9725
39142	-1.1405
39141	-0.548
37861	0.039
39144	-2.1205
37860	0.0375
39143	-2.237
39934	1.6285
37862	0.0945
39935	0.731
37863	0.392
39936	-0.0595
37864	-3.1815
39937	-0.16
37865	0.352
39930	0.18
37866	0.0235
39149	-2.095
39931	0.1445
37867	0.342
39932	0.033
37868	-1.614
39933	1.3855
37869	0.068
39938	0.084
39939	-0.9295
39151	-0.103
39150	-1.031
39159	0.4595
39158	0.245
39157	-0.7
39156	1.172
37872	-0.721
39155	0.7245
37871	-0.8365
39154	0.4855
37870	-0.818
39153	-1.9125
39152	-0.9675
39925	0.454
37875	-0.8395
39926	0.035
37876	0.386
39923	0.944
37873	-0.725
39924	1.2965
37874	-0.806
39921	2.0825
37879	-0.98575
39922	2.167
37877	-0.9955
39920	2.079
37878	-0.3585
39929	0.2105
39927	-1.338
39928	0.0845
37881	-0.1195
39120	-0.0015
37880	-0.1085
37883	-0.433
39122	0.4835
37882	-0.9965
39121	0.4175
39124	0.347
39123	-0.254
39951	-0.705
39126	-2.19433
39950	-0.631
39125	-2.7005
39952	-1.298
37888	0.0795
39127	-2.301
39953	-0.83
37889	0.348
39128	-2.6765
39954	-1.119
39129	-0.679
39955	-1.075
39956	-0.4515
37884	-3.7225
39957	-0.229
37885	-1.064
39958	-2.2845
37886	-1.938
39959	-0.16425
37887	-1.65875
37894	1.3555
39133	-1.3545
37893	0.4165
39132	-2.6895
37892	-2.184
39131	-4.352
37891	-0.844
39130	-0.748667
39940	0.1885
37890	-1.2495
39137	-1.181
39136	-1.9275
39135	-3.895
39134	-2.9155
39943	0.4165
39944	0.2255
39941	0.375
37899	1.2055
39138	-3.094
39942	0.236
39139	-2.967
39947	-1.1715
37897	1.36
39948	-0.787
37898	-2.136
39945	0.149
37895	1.5595
39946	0.542
37896	0.133
39949	-0.251167
37959	1.1305
37958	0.6485
37955	-0.29
38438	0.532
39117	-2.019
37954	0.4165
38439	0.544
39116	0.0285
37957	0.931
39119	0.482
37956	-2.971
39118	0.6055
37951	-0.7275
38434	-2.062
37950	1.107
38435	0.552
37953	-0.879
38436	0.2475
37952	1.307
38437	0.321
38431	-1.462
38430	-0.697
38433	-0.808
39110	-0.986
38432	-2.526
39111	-0.204
39112	0.6475
39113	-0.8365
39114	0.385
39115	0.0755
37949	-0.538
37948	-0.784
37947	0.454
37946	-0.763
39108	-0.4055
37945	-0.917
39107	-0.47
37944	0.162
38449	0.103
39106	-0.462
37943	-0.0455
39105	-0.201
37942	-0.955
38447	-0.208
37941	-0.5215
38448	2.3295
37940	1.132
38445	0.0515
38446	-0.1655
39109	-0.543
38444	-0.0005
38443	1.0205
39100	-0.8475
38442	1.119
38441	0.9005
38440	0.2915
39103	-0.588
39104	-0.4
39101	-0.9015
39102	-0.769
37973	-0.5415
38456	-0.247
37972	0.1365
38457	0.46
37975	1.3585
38458	-1.032
37974	-0.783667
38459	0.33
37977	-0.0775
37976	0.7795
37979	0.402
37978	0.7935
38451	-0.3215
38450	3.141
38453	-1.4665
38452	1.8835
37970	-3.3835
38455	0.723
37971	0.4355
38454	0.668
37969	0.7765
37964	0.2715
38469	0.4335
37963	0.3305
37962	0.2135
38467	0.3335
37961	0.032
38468	-0.0725
37968	-0.8925
37967	0.3885
37966	-0.03425
37965	0.4025
38462	0.536
38461	0.4395
38460	-0.231
38466	0.3395
37960	-1.53175
38465	0.272
38464	0.3895
37910	-0.926
37911	-0.0505
37912	-1.003
37913	-1.86
38479	0.614
38478	0.2865
37918	-1.013
37919	-1.2065
37914	-0.704
37915	0.727
37916	-0.826
37917	-0.6685
38474	-1.191
38475	0.0283333
38476	-0.8245
38477	-2.09
38470	-0.7475
38471	-0.2555
38472	0.8455
38473	3.2435
37901	0.9975
37902	-1.5765
37900	-2.444
38489	-1.5925
37909	-1.437
37907	-4.275
37908	-1.661
37905	-0.331
37906	-1.2975
37903	0.1525
37904	0.151
38480	-1.3475
38487	-1.27
38488	-0.918
38485	0.7335
38486	0.0625
38483	-1.645
38484	-0.99075
38481	-1.0265
38482	-1.091
37930	0.109
37931	-1.304
37932	-0.128
37933	0.15025
37934	-1.745
37935	0.15325
37936	-0.2895
37937	-0.641
37938	-0.543
37939	0.821
38490	-1.5025
38491	-2.03867
38492	0.8165
38493	0.4035
38494	0.1785
38495	2.967
38496	0.238
38497	-1.6
38498	-0.986
38499	-1.048
37920	-0.0665
37923	-1.34267
37924	-1.5035
37921	-2.1265
37922	-0.969
37927	0.1045
37928	1.0035
37925	-0.95875
37926	-1.188
37929	0.824
40498	-0.0955
40497	-1.767
40496	0.4855
40495	-0.629333
40494	0.8125
40493	0.3275
40492	0.544
40491	-2.129
40499	0.005
40490	-0.439
40472	-0.2015
40471	-0.1295
40470	0.54
40476	-0.2175
40475	-0.1515
40474	-0.4615
40473	-2.25967
40479	-0.6445
40478	-0.625
40477	-0.9
40481	-0.194
40480	-0.866333
40483	-0.0915
40482	-1.0075
40485	0.0285
40484	0.025
40487	-0.011
40486	0.099
40489	-0.387
40488	0.1085
38400	-0.3165
38406	-0.3645
38405	0.003
38408	-0.132
38407	-0.172
38402	-0.47
38401	-0.305
38404	-1.134
38403	-1.534
38409	-0.0025
38411	-0.295
38415	0.2705
38414	0.012
38413	-0.6205
38412	-0.6615
38419	0.266
38418	-0.295
38417	-0.261
38416	0.3535
38420	-0.488
38422	-0.1745
38424	0.0505
38423	-0.2655
38426	0.834
38425	0.8835
38428	0.812
38427	0.0115
38429	0.242

