14685	-2.937
16902	-0.074
14686	-1.156
16903	-0.373
14687	0.371
16900	-0.246
14688	0.054
16901	-0.699
14689	0.752
16908	0.773
16909	0.79
16907	-3.419
16905	-0.148
14680	0.441
14682	1.654
14681	1.031
14683	-3.715
14676	0.17
16009	0.005
14677	-0.189
14674	0.844
14675	0.099
16005	-0.119
16006	0.689
14678	-0.376
16007	-0.213
14679	0.598
16008	-0.394
16002	-2.142
16001	-0.567
16004	-2.141
16003	-0.616
14673	0.827
14671	-2.614
16000	-1.205
16920	0.192
16921	0.543
16924	1.332
16925	-0.428
16922	0.608
16923	0.626
16928	1.909
16929	1.369
16926	0.343
16927	-1.454
16910	0.118
14698	0.241
16911	0.309
14699	-1.215
16912	-0.44
14696	0.372
16913	-0.089
14697	-0.144
16915	0.684
16916	0.235
16917	0.521
16918	-0.176
16919	0.116
14694	-1.245
14693	3.234
14692	-1.2
14691	0.812
14690	-0.501
14649	0.883
14641	-0.58
14644	-0.448
14643	0.347
14646	-1.3
14645	0.015
14648	-0.277
14647	0.673
14640	-0.934
14639	-0.408
14638	-1.566
14632	-0.419
14631	0.207
14630	0.183
14637	0.378
14636	-0.149
14635	-0.027
14634	0.417
14668	-0.319
14667	-2.522
14669	-0.123
14664	0.106
14663	1.806
14666	0.538
14665	-0.476
14660	-0.232
14661	0.238
14662	1.407
14659	0.203
14658	-0.546
14657	-1.511
14656	-2.006
14655	-2.367
14654	-1.79
14653	0.055
14652	0.666
14650	0.023
14651	0.645
18418	0.956
18419	-0.07
18416	-0.423
18417	1.4
18414	-0.722
18415	0.106
18413	0.35
18412	1.224
18411	-0.393
18422	1.351
18421	0.91
18424	0.785
18423	1.528
18420	-0.399
18403	-1.73
18404	-0.342
18405	1.726
18406	0.46
18407	-0.416
18408	-0.046
18409	-0.685
18400	0.346
18402	0.526
18401	-0.655
15819	-1.831
15818	0.393
15815	0.641
15816	1.217
15813	-0.29
15811	0.603
15812	0.995
15810	-1.662
15809	-0.973
15804	1.605
15805	-0.377
15806	-0.909
15807	0.48
15800	-0.839
15801	-0.487
15802	-0.045
15803	0.255
15837	1.038
15838	0.264
15831	0.831
15832	0.02
15830	-0.173
15835	0.327
15836	-0.387
15833	0.135
15834	-1.016
15826	0.852
15827	0.67
15828	0.451
15829	0.82
15820	0.797
15821	1.275
15822	0.755
15823	0.416
15824	-0.505
15825	-0.082
15722	-0.112
15721	-0.065
15720	-1.016
15726	-0.329
15725	0.755
15724	0.437
15723	0.25
17681	-0.049
17680	1.514
15729	1.496
17683	0.9
15728	0.089
17682	0.037
15727	0.067
17685	-1.64
17684	-1.788
17687	-0.643
17686	-0.33
17688	-0.825
15731	0.455
15730	0.626
15733	0.55
15732	0.224
17690	-1.041
15735	1.081
15734	0.803
15737	-0.406
15736	-2.815
17694	0.226
15739	-0.054
17693	0.733
17692	0.671
17691	0.427
17698	0.88
17697	0.439
17696	0.767
17695	-0.42
17699	0.385
15748	0.838
15747	0.735
15746	0.366
15745	-0.197
15744	0.673
15743	0.985
15742	-1.168
15741	-0.693
17663	-0.467
17662	0.935
17665	-0.102
17664	0.127
17661	0.345
17660	-0.182
15749	0.459
17666	-0.452
17667	-0.6
17668	-0.529
17669	-0.767
15740	-1.589
15757	0.211
15756	1.31
15759	0.61
15758	0.282
15752	1.016
15755	0.708
15754	0.452
17676	0.369
17675	0.603
17674	-0.078
17673	0.475
17672	0.597
17671	-0.05
17670	0.643
17679	1.615
17677	0.743
17678	0.433
15750	0.973
15751	0.748
17640	-2.145
17641	-0.39
17642	-3.479
15765	0.58
16897	-0.068
15766	0.007
16896	-0.949
15763	0.38
15764	1.06
16898	0.243
15769	0.099
15767	0.514
15768	0.578
16890	0.194
16891	0.736
15762	0.75
16892	0.846
15761	0.006
16893	-0.101
15760	-0.856
16894	-1.333
16895	-0.291
17645	0.499
17644	0.109
17647	-4.104
17646	1.798
17649	-0.755
17650	0.843
17653	-1.035
17654	0.265
17651	0.113
17652	-0.116
15774	-1.743
15775	1.908
15776	1.783
15777	1.248
15778	0.195
15779	0.356
15771	0.062
15770	0.736
15773	0.483
15772	1.058
17657	-1.099
17656	0.083
17659	-0.593
17620	0.335
17621	0.046
15789	-0.347
15787	0.291
15788	-0.384
15785	0.656
15786	0.879
15784	0.829
15783	0.78
15782	1.379
15781	-0.033
15780	-2.193
17627	0.524
17626	0.404
17629	-0.513
17628	0.591
17623	0.465
17622	0.435
17625	0.26
17624	-0.648
17631	1.18
17632	0.113
17630	0.548
15796	-1.25
15797	-0.047
15798	-0.125
15799	-0.525
15793	0.895
15792	0.405
15795	1.763
15794	0.613
16098	0.35
16099	0.784
15791	-0.332
16096	0.182
15790	-0.529
16097	-1.229
16094	0.942
17639	-0.558
16095	0.746
17638	-1.227
16092	0.615
17637	-1.344
16093	0.95
17636	-0.832
17635	0.856
16091	-0.965
17634	0.256
17633	0.314
17602	-2.091
16080	1.225
17603	-0.903
17601	-1.173
17606	-0.403
16084	0.725
16083	-0.153
17604	-1.876
16082	1.055
17605	1.295
16081	-0.296
16088	1.34
16087	1.058
16086	0.348
17609	0.672
16085	0.094
16851	-1.853
16850	0.289
14711	-1.005
16854	-0.502
14712	0.395
16855	-2.774
14713	0.905
16852	-1.11
14714	0.265
16853	0.573
16858	-3.935
16859	0.875
16856	-0.822
16857	0.304
14719	-1.515
14715	0.594
14716	-1.153
14717	0.266
14718	0.5
17611	0.147
17612	0.976
17613	1.474
17614	1.078
17615	0.313
16071	0.285
17616	-0.713
16070	0.649
17618	0.59
16072	-0.336
17619	0.146
16075	0.002
16074	0.288
16077	-0.108
16076	0.99
16079	0.017
16860	1.237
16862	0.022
16861	-0.901
14724	-1.861
16863	1.426
16864	0.981
14722	-0.277
16865	0.35
14723	-4.95
16866	-0.122
14720	-1.921
16867	-0.054
14721	-0.154
16868	0.448
16869	0.66
14728	-0.336
14729	-0.287
17610	0.774
14726	-0.925
14727	-1.152
16062	-0.689
16061	-2.237
16060	-3.104
16873	-1.134
16069	0.568
16872	0.365
16068	-0.133
16871	-0.042
16067	-0.129
16870	0.964
16066	0.49
16065	-1.101
16064	0.229
16063	-0.856
14730	-0.354
14731	-0.582
16878	1
14732	-0.814
16879	-0.021
14733	-1.67
16876	1.309
14734	-0.973
16877	1.523
16874	0.515
14736	-0.241
16875	-1.724
14737	-0.359
14738	0.506
14739	1.073
16051	-2.944
16050	-5.475
16057	-0.719
16882	-5.896
16881	-0.657
16059	-0.323
16884	-2.245
16058	-1.021
16883	-2.053
16052	-1.222
16880	0.871
16054	-0.499
14742	0.809
16889	0.729
14743	-0.205
14740	-0.054
14741	1.677
14746	-0.069
16885	-3.42
14747	-0.233
16886	-1.397
14744	0.589
16887	0.053
14745	0.538
16888	1.358
14748	0.447
14749	0.544
16043	0.135
16044	0.144
16041	0.726
16042	-0.761
16045	-0.162
16046	1.056
16040	-2.204
16819	0.559
16818	1.132
16817	-0.251
16816	-0.451
16811	-0.743
16049	0.909
16815	0.503
16814	0.001
16813	-1.287
16812	-1.156
16030	-0.409
16031	-1.223
16032	-0.769
16033	-0.489
16034	0.366
16035	0.309
16036	0.169
16037	0.4
16828	-0.099
16827	0.225
16829	-0.045
16039	-0.8
16820	-0.502
16038	0.331
16822	-1.611
16821	-2.204
16824	-3.373
16823	-0.694
16826	0.584
16825	0.333
16025	0.065
16026	-0.667
16023	0.769
16024	-0.045
16021	-0.833
16022	1.791
16020	0.765
16839	-0.045
16838	-0.428
16837	-0.523
16836	-1.449
16835	-2.635
16834	-1.459
16833	0.561
16029	0.425
16832	0.119
16028	0.714
16831	-0.571
16027	0.207
16830	-0.004
16012	-0.011
16013	0.219
16014	0.074
16015	-0.21
16840	0.423
16010	0.603
16011	-0.245
14707	-3.031
14706	0.659
14705	0.451
14704	0.7
16849	1.189
14709	0.692
14708	0.042
16846	-1.572
16845	-1.446
16848	-2.319
16847	-2.631
14703	-0.268
16017	0.504
16842	-1.121
14702	1.242
16841	0.647
14701	1.987
16019	1.226
16844	-0.638
14700	2.079
16018	0.044
16843	-0.506
16807	-1.343
16805	-1.687
16809	-5.878
16800	0.332
14586	0.595
16803	-0.25
14587	-0.23
16804	-1.697
14588	0.782
16801	-0.443
14589	-0.193
16802	-0.272
14583	-0.519
14582	0.678
14585	0.588
14584	-0.27
14581	0.81
14580	-1.515
14579	0.906
14577	0.057
14578	0.104
14575	0.843
14576	0.292
14574	1.324
14573	0.41
14572	1.912
14571	0.466
14570	0.989
14564	1.369
14565	0.366
14566	0.231
14567	0.621
14568	0.651
14569	0.667
14561	0.218
14560	-0.635
14563	1.215
14562	0.091
14555	0.19
14556	-0.269
14553	0.202
14554	-0.163
14559	-0.391
14557	-0.382
14558	-0.197
14552	0.292
14551	0.906
14550	0.652
14547	-0.49
14546	0.283
14549	2.036
14548	0.571
14543	0.297
14542	0.119
14545	0.979
14544	1.148
14540	0.025
14541	-0.202
14538	-0.198
14537	0.308
14536	1.087
14535	0.282
14534	-0.464
14533	-0.769
14532	0.152
14531	0.546
14539	-0.224
14530	-0.073
14521	0.302
14520	1.511
14523	-0.368
14522	0.915
14525	-0.632
14524	0.336
14527	-0.459
14526	-1.065
14529	-0.294
14528	-0.188
14512	0.184
14511	0.139
14510	0.076
14516	0.28
14515	0.101
14514	0.098
14513	0.309
14519	0.456
14518	0.064
14517	0.092
18308	1.552
18309	-1.778
18305	-1.128
18306	-0.507
18307	0.89
18301	-1.191
18300	0.018
18303	-0.233
18302	-0.475
15710	-0.065
15711	-1.535
15714	0.644
15715	-0.129
15713	0.144
15718	1.815
15719	0.438
15716	0.142
15717	0.486
15700	0.651
15701	-0.017
15702	0.345
15703	-0.064
15704	1.682
15705	1.741
15706	1.082
15707	1.176
15708	0.184
15709	-0.43
14590	0.493
14591	0.207
14592	-0.642
14593	0.167
14594	0.239
14595	1.262
14596	0.164
14598	0.585
14597	0.449
14599	-0.215667
18369	-0.696
17784	-0.701
18368	0.303
17783	-3.776
18367	0.345
17786	-1.091
18366	1.156
17785	-0.957
18365	-0.143
17780	1.026
18364	0.098
18363	0.509
17782	-0.581
15629	0.556
18362	-0.935
17781	-1.373
15628	0.723
18361	-1.798
15627	-1.007
18360	-0.103
15626	1.675
15625	-0.207
15624	-0.824
15623	0.277
15622	0.837
15620	0.726
17787	0.34
17788	1.304
17789	0.453
18356	0.062
17797	0.712
18355	-0.064
17796	0.251
18358	-0.866
17795	1.153
18357	0.084
17794	1.104
18352	-0.298
17793	-0.108
18351	0.339
17792	0.176
15639	-0.527
18354	-0.517
17791	-0.251
18353	-0.96
17790	0.982
15636	-0.122
15635	-0.972
15638	0.148
15637	-0.948
15632	0.019
15631	-0.585
15634	-0.533
15633	-0.253
15630	0.446
18359	-1.26
17798	1.412
17799	1.308
18387	2.248
15609	-1.852
18386	0.228
15608	0.215
18385	1.049
18384	0.969
15606	-1.11
18389	-0.972
18388	0.245
15601	0.206
15600	0.939
18383	1.558
15605	-0.616
18382	0.148
15604	-0.537
18381	1.283
15603	0.467
18380	0.355
15602	-0.799
18374	-0.391
15618	-0.745
18373	-0.209
15617	-0.442
18376	-0.587
18375	0.329
15619	1.137
18377	0.66
18379	-2.12
15610	-0.609
15612	1.429
15611	-0.478
18370	1.025
15614	-0.146
15613	0.206
18372	-0.111
15616	-0.098
18371	1.327
15615	-2.891
15668	0.061
15669	0.237
15666	-0.664
16798	0.423
15667	-0.494
16797	-0.585
15664	0.441
15665	-0.245
16799	-0.788
18324	-0.433
18325	0.321
17740	-0.122
18322	-0.861
17741	-0.848
18323	0.538
17742	-4.342
18320	0.165
18321	0.034
17748	0.144
17747	-0.712
17749	0.675
18329	-0.06
17744	0.497
18328	-0.477
17743	0.349
18327	-0.568
17746	1.991
18326	-0.194
17745	1.59
15663	-0.847
16793	0.207
15662	-0.133
16794	0.578
15661	0.238
16795	-5.451
15660	1.232
16796	-0.01
16790	-0.23
16791	0.881
16792	-0.468
15679	-1.193
15675	-0.49
15676	-0.757
15677	-0.856
15678	-1.228
18311	-0.335
17752	-2.179
18312	-8.902
17753	0.712
18313	-0.359
17750	-0.643
18314	-0.63
17751	-1.464
18310	-3.274
18319	0.344
17759	0.298
17758	0.199
18316	-0.825
17757	1.68
18315	-0.246
18318	-0.131
18317	-0.806
17754	-0.272
15672	-0.347
15671	-0.256
15674	-1.39
15673	-0.908
15670	0.314
15644	-0.749
16776	0.642
15645	0.026
16775	0.368
15642	-0.978
16778	0.688
15643	0.182
16777	0.375
15648	0.177
15649	1.615
16779	0.661
15646	-0.115
15647	0.202
18343	0.121
18340	0.379
18341	-0.28
17760	0.881
18346	-0.616
17761	1.302
18347	-0.595
17762	0.91
18344	0.388
17763	1.222
17766	0.719
18349	-1.684
17768	-1.246
18348	0.104
17769	0.693
15641	0.312
16771	0.365
15640	0.419
16772	0.871
16773	0.732
16774	1.096
15653	-0.221
16789	-0.91
15654	0.776
16788	-3.817
15655	0.454
16787	-1.256
15656	1.19
16786	-0.838
15658	0.115
15659	0.329
17770	0.146
18330	-2.434
17771	-0.319
18331	-1.915
18333	-0.299
17774	0.002
18334	1.207
17775	1.076
18335	-0.134
17772	0.233
18336	1.162
17773	0.053
18338	0.222
17779	-0.797
18337	0.791
17778	1.289
17777	0.067
18339	-0.565
17776	1.132
16780	-0.124
16781	0.052
15650	0.008
16784	-0.073
16785	0.557
15652	0.847
16782	2.282
15651	0.702
16783	2.631
16752	-1.143
16751	-1.252
16750	-0.45
17709	0.919
17707	0.352
17708	-0.009
17705	0.338
17706	2.755
17703	0.473
17704	0.627
17701	0.756
17702	1.428
17700	1.543
14616	0.879
14617	1.214
14618	0.143
14619	-0.255
16759	2.183
14610	0.767
16757	-0.994
14611	1.952
16758	0.113
14612	0.086
16755	0.783
14613	-0.277
16756	-1.5
14614	1.394
16753	-0.36
14615	-0.3
16754	0.762
16761	0.225
16760	-0.167
16763	-2.514
16762	-0.391
17718	-0.619
17719	0.853
17714	-0.725
17715	-2.057
17716	0.336
17717	-4.174
17710	0.314
17711	0.444
17712	-0.456
17713	-0.64
14629	-0.131
14627	1.24
14628	0.657
14621	-0.108
16768	-2.654
14622	0.475
14620	-0.032
14625	-0.269
16764	-2.389
14626	0.779
16765	-1.264
14623	0.333
16766	-1.295
14624	-1.05
16767	-0.653
17729	-0.177
15680	0.119
15681	0.544
15682	-0.113
16730	0.309
15683	-0.139
15684	-0.028
15685	0.984
17723	0.387
17724	-5.225
17721	0.561
17722	0.322
17727	-0.295
17728	-0.837
17725	-0.05
17726	0.212
16739	0.552
17720	0.565
15687	0.559
16733	1.445
15686	1.312
15689	-1.738
15688	0.699
16732	-0.443
16737	1.337
16738	-1.022
16735	-0.292
15691	-5.051
15692	0.95
15695	-0.513
15693	-0.218
16741	-0.263
15694	0.01
16740	-6.058
17732	-3.26
17733	-0.596
17734	-0.835
17735	0.571
17736	0.348
17737	-0.933
17738	-0.412
17739	-0.803
14609	0.077
14607	-0.061
14608	0.544
17731	0.066
14605	0.127
17730	-0.251
14606	0.427
14603	0.49
15699	0.152
16743	-0.033
15698	-0.152
14601	-0.1135
15697	-0.79
14602	0.335
16745	-2.161
14600	0.027
16747	-0.461
16748	-1.03
16749	-0.057
16716	0.121
16715	0.996
16714	1.412
16713	1.693
16712	2.294
16711	1.112
16710	4.864
16719	-0.79
16718	-0.048
16717	-1.465
18393	0.057
16725	0.311
18394	0.9255
16724	0.945
18391	-0.894
16727	-0.413
18392	-0.521
16726	-0.217
16721	0.914
18390	-0.357
16720	-0.317
16722	0.14
18399	-0.138
18397	0.541
16729	-0.029
18398	0.402
16728	0.141
18395	-0.499
18396	1.02
16701	1.108
16700	0.931
16703	1.446
16702	0.801
16705	0.178
16704	0.83
16707	0.405
16706	0.981
16709	1.224
16708	1.094
14990	1.041
14991	-0.782
14992	-0.495
14880	1.112
14881	-0.087
14882	-0.879
14998	-1.848
14884	0.673
14997	-0.893
14883	-0.184
14886	0.149
14999	-0.527
14885	-1.192
14994	-0.518
14888	-1.243
14993	-0.358
14887	-2.083
14996	0.19
14995	-0.736
14889	-0.523
16200	0.573
16201	0.145
16202	-0.025
14870	0.333
14871	0.375
14875	0.962
16208	-0.349
14874	0.578
16207	-0.759
14873	0.867
14872	0.609
16209	0.486
14879	0.076
14878	-0.383
16203	-0.281
14877	0.352
16206	0.101
14876	0.665
16205	-0.085
14892	0.526
14893	0.079
14890	-0.311
14891	1.2
14899	-0.596
14898	0.353
14897	0.813
14895	0.802
14894	-0.049
16235	0.224
16234	-0.145
16233	0.959
16232	0.424
16231	-0.163
16239	-0.291
16236	-0.165
16237	-0.848
16244	-1.145
16243	-0.667
16245	-0.69
16240	0.009
16242	0.596
16241	0.407
16247	-1.384
16248	-1.123
16249	-0.364
16213	0.058
16212	-0.847
16211	0.217
16210	0.452
16217	-1.336
16214	1.695
16215	-0.159
16218	-1.841
16219	-1.527
16220	0.63
16222	0.495
16221	0.484
16224	-0.536
16223	0.045
16225	-0.072
16227	-1.937
16229	-2.08
15520	-0.802
18229	1.246
17886	4.512
18228	0.971
17889	-0.425
18227	1.085
17888	0.71
18221	-0.191
18222	-0.283
17880	1.083
15529	0.743
18220	-1.186
17881	-0.232
18225	1.653
17882	-0.419
18226	0.94
17883	0.52
18223	-0.479
17884	0.893
18224	1.561
17885	-0.429
15523	0.207
15524	-0.21
15521	0.693
15522	0.128
15527	1.555
15528	-0.449
15525	0.822
15526	1.614
15531	-1.255
15530	-1.697
18217	0.638
18216	0.178
17899	0.358
18219	-0.747
17898	0.931
18218	-1.064
17897	1.44
17891	-0.714
17892	-0.019
18210	1.186
18211	-0.906
17890	0.346
18212	0.285
17895	-0.051
18213	-0.067
17896	-0.433
18214	-0.148
17893	0.154
18215	0.338
17894	-0.439
15532	0.239
15533	-0.261
15534	0.548
15535	-1.343
15536	1.131
15537	-0.293
15539	1.201
15542	-0.84
15541	-1.241
15540	-0.218
17869	-0.063
17868	0.866
18209	3.167
18208	2.857
17865	0.888
17864	0.917
17867	0.893
18205	-0.155
17866	-1.304
18203	-1.314
17860	-0.716
18204	-0.076
17861	-1.039
18201	-1.13
17862	0.333
18202	1.007
17863	1.025
18200	-0.898
15549	0.965
15547	-0.479
15548	0.732
15546	-0.222
15543	0.717
15544	1.004
15551	0.952
15550	0.074
15553	0.298
15552	0.991
17878	-0.2
17877	-0.404
17876	-0.132
17875	0.222
17873	0.68
17874	0.806
17871	-0.526
17872	-0.04
17870	0.031
15558	0.967
15559	1.116
15554	-0.092
15555	0.917
15556	1.608
15557	1.211
18262	-0.258
18261	-0.395
18260	0.084
18266	1.445
18265	-1.044
18264	0.009
18263	-0.686
18269	1.475
18268	0.962
18267	0.742
18251	0.809
18250	-0.53
18253	-0.542
18252	-0.322
18255	-0.947
18257	1.149
18256	0.681
18259	0.72
18258	0.292
18249	0.279
18240	-1.371
15506	-0.595
15505	-0.371
17193	-1.738
15504	0.338
17194	-0.293
15503	-0.682
17195	-1.151
15502	1.525
15501	0.584
15500	-0.011
17190	1.172
17191	-1.629
18248	-0.498
18247	-0.134
18246	-0.951
18245	-0.29
18244	0.019
17196	0.05
18243	0.385
15509	-0.955
17197	-1.291
18242	-0.457
15508	0.861
17198	0.196
18241	-0.005
15507	-0.993
17199	-0.822
18238	0.709
18239	-0.419
15515	0.262
15514	0.058
17184	-0.813
15517	-4.544
17181	-0.941
15516	-0.401
17182	-1
15511	-1.331
15510	-0.561
17180	-0.359
15513	-1.399
14900	-0.755
15512	-0.886
14901	-0.953
18235	-0.152
14902	-0.732
18234	0.327
14903	-0.383
18237	-0.138
14904	1.668
17189	-0.272
18236	-1.343
14905	1.46
18231	0.816
15519	-2.004
14906	0.144
17187	-1.099
18230	-0.92
15518	-0.655
14907	1.265
17188	-1.357
18233	0.748
14908	0.019
17185	-1.467
18232	0.257
14909	-0.245
17186	-0.759
14918	-1.153
17177	1.937
14917	-1.36
17176	0.032
17175	0.269
14919	-0.991
17174	0.002
14914	-0.886
14913	0.615
14916	-0.9
17179	-0.053
14915	-0.933
17178	0.625
14910	0.091
14912	0.046
14911	0.595
17173	0.312
17172	0.653
17171	-0.637
17170	0.174
17809	-0.722
16285	-0.094
17808	0.124
16286	-0.257
17807	0.089
16283	0.266
17806	0.91
16284	0.841
16289	-0.246
16287	-1.282
16288	-0.491
17801	0.2
17800	1.066
17805	-0.158
16281	-0.388
17804	-1.284
17803	0.36
17802	1.436
16280	1.284
18298	0.167
17164	0.515
18299	-0.176
17163	-0.45
18296	0.347
14929	-2.513
17166	-1.734
18297	-0.169
14928	-1.983
17165	0.295
14927	-1.822
17168	-0.821
14926	0.363
17167	-1.854
14925	0.034
14924	-0.278
17169	0.951
18290	-0.33
14923	0.238
18291	0.452
14922	-0.577
14921	-1.139
14920	0.138
18294	0.594
17160	0.688
18295	2.229
18292	-0.341
17162	3.659
18293	-1.472
17161	-0.368
17818	0.371
16272	0.081
17817	1.653
16273	-4.009
16274	-0.027
17819	0.539
16275	-2.072
16276	-1.638
16277	-1.304
16278	-1.892
16279	-0.236
17810	0.204
17812	0.001
17811	0.463
17814	0.06
17813	-0.146
16270	-0.321
17815	0.595
16271	0.06
18289	0.613
14936	1.776
17159	0.203
14935	0.765
17158	0.82
14938	0.123
17157	0.636
14937	1.19
17156	0.144
18285	0.194
17155	0.855
18286	-0.537
14939	1.178
17154	0.119
18287	-0.33
17153	-0.347
18288	0.313
18281	-0.059
17151	-1.138
18282	-0.733
17150	0.511
18283	0.063
14930	0.27
18284	-0.143
14932	1.547
14931	-0.372
14934	0.135
18280	0.715
14933	0.171
16269	-0.148
16267	-0.284
16268	1.249
16265	0.54
16266	-0.314
16263	-0.402
16264	-0.596
16261	-0.419
16262	1.259
16260	-0.321
14949	0.226
17146	0.285
14948	-0.554
17145	-0.09
18278	-1.341
14947	0.92
17148	0.418
18279	-0.151
14946	0.28
17147	-1.243
18276	-0.193
17142	1.848
18277	0.159
17141	0.787
17144	1.558
17143	1.229
18272	1.24
14941	-1.293
18273	1.05
14940	-0.41
18270	1.354
18271	0.117
14945	0.216
16259	0.002
14944	1.557
16258	0.214
14943	-0.195
14942	0.382
16255	0.349
16256	-0.204
16257	0.228
16250	-0.293
16251	-3.994
16252	0.467
16253	0.673
17149	-0.944
15566	0.661
14953	-0.426
15565	0.403
14954	-1.489
15568	0.386
14955	-1.447
15567	0.805
14956	-1.088
15569	-0.141
14950	0.141
14951	-0.284
14952	0.258
17132	-0.665
17130	-0.448
17131	-0.09
17841	-1.888
14957	-0.784
17136	0.04
17840	-1.862
14959	-0.444
17134	-1.016
17135	-0.417
17845	-1.247
17842	-1.511
17139	-0.274
17843	-1.47
17848	-2.469
17849	-1.264
17846	-0.912
17847	-0.309
15560	0.261
15561	0.584
15562	-0.452
15563	0.485
15564	0.001
15579	0.086
14966	1.396
15578	0.806
14967	1.04
15577	-0.151
14964	1.093
15576	-1.273
14965	0.807
14962	-0.213
14963	0.772
14960	1.106
14961	-0.032
17120	0.736
17121	-0.127
17122	0.096
17850	-0.27
17123	-1.286
17124	-0.327
17852	0.096
14968	-0.2
17851	-0.184
14969	0.452
17126	0.575
17853	-0.469
17128	-0.209
17854	0.842
17855	0.392
17856	0.639
17129	-1.135
17858	-0.363
17859	-0.67
15570	0.378
15571	0.348
15574	0.103
15575	0.185
15572	0.518
15573	0.47
14971	0.407
14972	-0.086
14973	1.051
14974	1.133
15588	-0.153
14975	2.068
15587	-2.081
14976	0.968
14977	0.219
15589	-0.138
14978	0.966
14979	1.591
17114	0.096
17115	0.343
17112	0.028
17113	0.621
17110	0.664
17111	1.459
17826	-0.615
17827	0.788
17824	-1.457
17825	-1.475
17822	-0.248
17119	-1.271
17823	-0.618
17118	1.331
17117	-0.348
17821	0.745
17116	0.578
15583	1.139
15584	0.675
15585	0.62
15586	-1.279
15580	-2.213
17828	0.241
15581	0.283
14970	0.427
17829	0.187
15582	1.313
14984	0.778
14985	1.572
14982	-1.313
14983	0.366
14988	-2.129
14989	1.665
15599	-0.554
14986	0.673
15598	0.153
14987	-0.261
17101	0.606
17102	-0.25
17830	-0.368
17103	-1.127
17104	-0.05
17100	0.458
17835	0.849
16291	-0.33
17836	0.424
16290	-0.003
17109	0.968
17837	-1.137
16293	0.136
17838	-0.726
16292	0.23
17106	-0.473
17832	0.869
17105	0.635
17833	-0.187
17108	-0.322
17834	0.785
17107	-0.253
15596	-1.245
16299	0.873
15597	-0.429
16298	0.99
15594	-0.171
15595	-0.023
17839	-1.39
15592	-0.138
14981	-0.707
16295	0.042
15593	0.321
14980	0.102
16294	0.206
15590	0.971
16297	-0.145
16296	0.098
14780	0.843
14781	-1.077
14782	0.291
14783	-0.789
14789	0.376
14788	0.256
14785	0.046
14787	-0.134
14786	0.969
14771	0.258
14772	0.938
14770	-0.946
14779	0.797
14778	0.635
14777	0.502
14776	0.347
14775	0.666
14774	0.346
14773	0.187
14760	-0.018
14761	-0.452
14763	-1.193
14762	-0.411
14765	0.414
14764	0.899
14767	-0.063
14766	0.964
14769	1.81
14768	-0.367
14750	-0.763
14753	-1.158
14751	-0.864
14758	-0.402
14757	0.066
14756	-0.111
14755	-0.727
14759	-0.051
16101	0.806
16100	-0.025
16103	-0.138
16102	0.296
16104	0.046
16105	1.044
16106	-0.26
16109	-0.276
16113	0.612
16111	-0.33
16110	-2.461
16119	0.858
16117	1.975
16118	1.694
16115	1.635
16116	1.486
14790	-0.108
16123	0.393
16122	2.613
16125	1.022
16124	0.463
14794	-0.621
14793	0.245
14792	1.153
16121	-0.382
14791	-0.246
16120	-1.122
14797	0.814
14798	0.548
14795	0.401
14796	0.244
16126	-0.397
16127	-0.369
14799	-0.173
16128	-0.194
16129	-0.483
17989	-1.307
17986	-1.585
17985	0.031
17987	-2.094
15421	-0.679
15420	-0.428
15428	0.184
15426	0.856
15427	0.336
15424	1.528
15425	0.815
15422	-1.009
15423	-0.392
17981	-0.07
17982	-0.26
17983	-0.877
17984	-1.72
17999	-0.016
17998	-0.276
17997	0.943
17996	0.308
15430	-2.243
15432	-7.789
15437	-1.03
15438	-0.37
15439	-0.241
15433	-1.423
15434	-1.834
15435	-0.532
15436	-0.924
17994	0.992
17995	-0.27
17992	-0.142
17993	-0.413
17990	-0.31
17991	-1.424
18109	0.353
18108	-0.528
18107	-0.043
18106	0.555
15402	1.23
15403	-0.041
15400	0.772
15401	1.1
15407	0.395
15404	1.335
15405	1.421
18100	0.485
18101	-1.393
15408	1.126
15409	-0.978
18104	0.409
18105	-0.117
18102	0.12
18103	-0.148
15410	-0.196
15411	-0.035
15412	-0.143
15413	-2.289
15414	0.77
15415	0.462
15416	-0.703
15417	-1.549
15418	-0.152
15419	0.235
18128	0.242
18129	-0.175
18127	0.211
17079	1.544
18126	0.216
18125	0.1
18124	0.271
17075	2.339
18122	-0.454
17076	0.438
18121	-0.668
18120	-0.411
17078	0.546
17071	0.06
17072	0.117
17073	-1.261
17074	-0.062
17070	-0.354
18118	0.297
18119	-0.54
18114	-0.572
18113	-0.813
18116	-1.181
18115	-5.648
18110	-1.119
17066	-0.494
17067	1.413
18112	-1.464
17064	-0.638
17062	-0.611
17063	0.438
17060	-0.045
17061	0.276
18145	0.215
17097	1.513
18144	-5.328
17098	1.059
18143	-2.484
17099	0.507
18142	-0.453
18149	0.058
18148	1.034
18147	0.651
18146	0.58
17090	0.35
17091	-0.242
18141	-0.146
17093	-0.733
18140	0.305
17094	0.158
17095	-0.186
17096	-0.083
18139	0.389
18132	-0.08
17088	0.343
18131	-2.596
17089	0.977
17086	0.451
18133	-1.077
17087	0.483
18136	1.172
18135	-0.409
18138	0.226
18137	-0.126
17080	0.064
17084	-1.058
17085	0.446
18130	-0.321
17082	-0.091
17083	-0.059
17030	0.424
18161	-0.112
16957	0.387
18162	0.802
16956	-0.585
18163	-0.145
16955	-1.096
14811	-0.005
16954	-0.219
14810	1.051
16953	-1.063
14813	2.224
16149	1.915
16952	-0.268
14812	0.238
16148	1.671
16951	-0.576
18168	0.267
14815	1.309
17038	0.937
18169	0.111
14814	2.582
17037	-0.19
14817	1.491
17036	0.455
14816	0.546
17035	-0.223
18164	0.031
14819	0.144
17034	0.783
18165	1.386
14818	0.828
17033	-0.593
18166	0.2
17032	0.511
16959	0.502
17031	0.497
17904	-0.011
17903	1.887
17902	1.107
17900	1.8
17039	1.11
16146	0.627
16147	1.741
16950	0.699
16144	1.177
17909	-0.828
16145	0.472
17908	-1.25
16142	-0.923
17907	0.579
16143	-1.432
17906	0.541
16140	-1.034
17905	0.231
16141	-0.369
18151	0.377
14820	-0.836
16967	-0.086
18152	-0.163
16966	0.56
16969	0.426
18150	0.468
16968	-0.917
14824	0.049
16138	-0.704
16963	4.239
14823	0.141
16137	0.184
16962	0.249
16965	0.396
16139	0.111
16964	0.307
18159	0.63
14828	-1.218
17025	0.01
14827	-0.174
17024	0.336
18157	1.327
14826	0.138
17027	-0.106
18158	0.705
17026	0.648
18155	1.194
17021	1.242
18156	-0.735
17020	0.297
18153	0.572
17023	0.143
18154	1.049
17022	0.341
17913	-0.883
17912	-0.784
17915	0.038
17914	0.481
17028	-0.329
17029	-0.395
17911	0.96
17910	0.667
16133	-1.346
16134	-1.097
16135	1.605
16960	0.383
16136	0.488
16961	0.577
17917	-4.395
17916	0.011
16130	-0.513
17919	-0.692
16131	-2.474
17918	-0.455
16132	-2.349
15488	-0.975
16932	0.665
16931	0.052
18180	-0.068
16930	-4.077
18181	0.008
18182	0.343
17052	0.736
18183	0.897
16935	-1.458
17051	0.936
18184	-2.658
17050	0.706
18185	-0.206
16933	0.725
18186	-1.549
17056	0.153
18187	0.167
17055	-1.06
18188	-0.08
17054	-0.451
18189	-0.402
16937	-1.652
17053	0.172
17059	-0.146
17058	-0.49
17057	-1.599
17922	-1.876
17921	-1.076
17920	-1.512
17926	0.414
16160	1.161
17925	1.253
16161	0.513
17924	0.481
17923	-0.228
15481	0.046
17929	-0.209
15480	-0.176
16165	-4.214
17928	-1.182
15483	-0.32
17927	-0.189
15482	-0.77
16163	-0.54
15485	1.755
16168	-0.597
15484	0.291
16169	-1.691
15487	0.268
16166	-0.379
15486	0.406
16167	-1.373
14802	-3.544
16941	-0.075
18170	0.975
14801	0.061
16159	0.298
16940	-1.45
15499	0.202
14800	-0.345
16943	0.597
16942	0.694
18173	0.259
16945	1.099
18174	0.373
16944	1.292
18171	1.021
16947	-0.224
17041	0.882
18172	0.588
16946	0.298
17040	-0.004
18177	0.771
16949	0.065
17043	0.831
18178	0.928
14809	-0.387
16948	-1.052
17042	1.321
18175	1.722
14808	0.833
17045	-0.035
18176	0.448
14807	0.476
17044	0.704
14806	0.462
17047	0.582
14805	-0.196
17046	0.826
18179	-0.002
14804	0.661
17049	0.213
14803	-0.532
17048	0.405
17931	-0.955
17930	-1.795
17933	-0.314
17932	-0.541
17935	0.217
15490	-0.091
17934	0.262
17937	-0.434
17936	0.783
16150	1.661
17939	-0.795
15494	-0.117
16151	0.03
17938	-0.314
15493	-0.307
16152	-4.029
15492	0.098
16153	-1.027
15491	0.044
16154	-2.868
15498	1.134
16155	-0.845
15497	-0.611
16156	0.81
15496	-0.301
16157	-0.051
15495	0.031
17940	-0.904
14858	0.838
14859	0.194
14850	0.515
14851	0.719
14852	1.123
16999	-0.052
14853	0.61
14854	0.776
16997	0.048
14855	0.161
16998	1.154
15469	1.298
14856	-0.081
16995	0.241
15468	-1.813
14857	1.269
16996	0.923
15462	0.016
16994	0.038
15463	-0.69
16993	0.926
15464	0.617
16189	1.226
16992	0.559
15465	1.033
16188	1.507
16991	-0.433
16187	-0.512
16990	0.246
16186	-1.834
17949	-0.561
15460	-0.12
16185	-1.098
16184	-2.318
16183	-1.42
17948	0.297
16182	-0.252
17945	-0.109
16181	-1.615
17946	-1.092
16180	-0.615
17943	-4.072
17944	-1.742
17941	-2.053
17942	-0.086
17951	-0.236
14869	0.718
17950	-0.64
18199	-0.668
18198	0.186
18197	1.678
18196	1.124
18195	-0.416
14864	0.417
18194	-0.7
14861	-0.5
18193	-0.275
14862	-0.002
18192	0.025
14867	0.333
18191	0.223
15479	0.153
14868	1.137
18190	0.43
15478	1.425
14865	0.757
15477	-0.231
14866	-0.132
16178	0.999
15473	-1.443
15471	0.184
14860	-0.424
16174	2.039
16173	-0.191
16176	-2.09
15470	0.136
16175	-4.202
17956	-0.239
17957	0.201
17958	1.345
16172	0.251
17959	0.992
16171	-0.172
17952	0.686
17954	0.405
17955	1.088
17011	0.689
17010	0.102
17962	0.615
17015	1.136
17961	0.921
14837	-0.017
17016	0.181
17960	0.143
14838	-1.432
14839	0.162
17014	0.479
15445	0.176
14832	-0.994
16975	0.494
15444	1
14833	-0.206
16976	0.163
15447	1.097
16973	0.643
15446	-0.051
14835	0.325
16974	-0.203
15449	1.228
16979	-0.214
15448	0.21
16977	0.397
16978	0.12
15440	1.279
16972	-1.565
15441	-1.2
16971	0.981
15442	-0.295
16970	1.145
15443	0.564
17965	0.151
17966	-0.096
17019	1.069
17963	0.23
17018	0.426
17964	-0.01
17017	0.706
17969	-0.317
17967	0.393
17968	0.431
17000	1.451
17001	0.5
17971	0.337
17002	0.88
17970	0.721
17003	1.252
17973	0.493
14847	-1.734
17004	1.172
17972	0.131
14848	0.16
17005	0.93
15458	-0.676
14845	-0.532
16984	-0.501
14846	-1.376
16985	-0.419
14843	-0.563
16986	-0.178
15455	0.058
14844	-1.134
16987	-0.491
14841	-0.013
16988	0.171
14842	-0.325
16989	0.695
15459	-1.82
14840	-0.389
15450	1.863
16198	0.074
16197	0.5
15453	-1.112
16981	0.935
15454	-0.125
16199	0.299
16980	1.016
15451	0.232
16983	-2.156
16982	-0.55
17974	-0.53
17007	1
17975	0.581
17006	-0.054
16190	1.586
17009	0.48
17977	0.833
17008	0.988
17978	-0.034
16192	-0.394
17979	-1.057
16191	0.59
16193	-6.194
15353	1.542
14270	0.167
15352	1.894
14271	1.367
16400	-0.441
14272	1.098
15354	0.715
14273	1.373
14274	0.959
14275	0.031
15351	0.396
14276	0.128
15350	-0.695
14277	0.642
14279	0.655
16408	0.419
17282	-1.107
14278	0.406
16407	0.822
16406	1.303
17280	-0.628
16405	-0.725
17281	-0.816
15356	1.057
16404	0.789
15357	0.783
16403	1.78
15358	1.353
16402	0.391
15359	-0.765
16401	0.637
17288	0.991
17289	0.297
17286	0.074
17287	-0.236
17284	-0.858
16409	0.694
17285	0.04
14280	-0.26
15344	0.923
14283	-2.339
15343	1.265
14284	-0.328
15342	-0.136
14281	0.323
15341	0.281
14282	-0.427
15340	-0.55
14287	-0.83
14288	0.244
14285	0.34
17291	0.313
15349	-0.13
17293	-1.487
14289	-0.359
17294	-0.105
15347	-0.499
15348	-0.008
15345	-0.033
15346	0.662
17290	1.511
17299	0.578
17295	-0.681
17296	-2.967
17297	0.68
17298	0.745
14290	-0.945
14291	1.368
14296	0.345
14297	-1.559
14298	-0.609
14299	-0.76
15331	1.792
14292	1.797
15330	0.651
14293	-0.644
15333	0.235
14294	0.056
15332	0.237
14295	-0.258
15334	-0.802
15335	0.357
15336	1.073
15337	1.004
15338	0.642
17260	1.09
15339	-0.42
17261	1.325
17264	0.906
17265	-2.113
17262	0.822
17263	0.467
17268	0.632
17269	0.352
17266	-0.276
17267	0.105
15322	-0.003
15321	-0.371
15320	-0.614
15325	1.233
15326	1.596
15323	0.393
15324	0.316
15329	-1.199
17270	1.346
15327	-0.488
17271	0.78
17272	0.046
17273	0.058
17274	0.205
17275	0.3
17276	0.252
17277	-0.365
17278	0.332
17279	-0.292
15396	-0.119
15397	0.624
15398	0.45
15399	-0.384
15392	0.655
14231	-0.831
15393	0.724
14230	0.17
15394	0.21
14233	-1.858
15395	0.38
14232	-1.596
15390	-0.298
15391	1.3
17248	-0.129
17249	0.275
17247	-0.046
17246	0.634
17245	0.516
17244	0.291
17243	0.84
17242	0.62
17241	0.676
17240	0.621
14234	-1.747
14235	-1.199
14236	-1.206
14237	-1.469
14238	-0.898
14239	-0.822
15387	0.606
14240	-0.096
15388	0.348
15386	0.137
15383	-0.735
14244	0.113
15384	-1.202
14243	0.106
15381	-0.686
14242	0.455
15382	-0.99
14241	-0.759
15380	-0.356
17259	-0.464
17256	1.802
17255	0.068
17258	0.791
17257	1.523
17252	1.009
17251	0.883
17254	-0.123
17253	0.453
14247	-0.925
14248	0.933
14245	0.631
17250	0.977
14246	-3.115
14249	1.083
15389	-0.002
15370	0.823
14253	-0.352
15371	1.059
14252	0.383
15372	0.16
14255	-0.38
15373	0.353
14254	-0.452
15374	1.642
15375	1.023
15376	-0.52
15377	0.274
14250	0.755
17228	-0.044
17229	-0.489
17226	0.114
17227	-0.21
17221	-0.747
17220	0.597
17225	-1.741
17224	-0.362
17223	-0.326
17222	0.188
15379	0.716
15378	-0.101
14256	0.466
14257	0.312
14258	0.654
14259	-0.256
15361	0.743
14266	2.279
14265	1.491
14264	0.445
15360	0.19
14263	-0.804
15365	-0.846
14262	0.854
15366	-0.151
14261	0.371
15363	1.182
14260	1.069
15364	0.334
17237	1.121
17238	1.096
17239	0.297
17230	1.026
17232	-0.558
17231	-0.342
17234	-1.02
17233	-0.073
17236	-1.402
17235	0.396
15369	0.453
15368	-0.128
15367	-0.047
14269	0.17
14267	2.725
14268	0.162
16489	0.224
16480	0.817
16485	-1.302
16486	0.335
16487	0.876
16488	-1.553
16482	-0.414
16483	-0.299
14202	0.041
14201	-1.877
14204	0.263
14203	-0.801
14206	0.554
14205	0.888
16479	-0.405
14207	-0.27
16478	-0.022
14209	-0.66
16476	0.537
16477	-0.007
16474	0.595
16472	-0.209
16473	0.535
16470	0.001
14200	0.819
16471	0.914
14219	-0.127
16468	0.58
14218	0.012
16467	0.386
14217	-0.441
14216	1.302
16469	0.797
14215	-0.22
14214	0.956
14213	-0.407
14212	-0.59
14210	0.479
14211	-0.278
16460	-0.365
16462	0.774
16463	0.351
16464	0.976
16465	-0.099
16466	0.661
14228	0.348
16459	-1.437
14227	1.142
16458	0.219
16457	0.69
14229	-0.106
16456	1.475
14224	0.119
14223	0.127
14226	-0.172
14225	-0.912
16450	1.047
14220	1.158
16451	-0.178
14221	0.187
14222	0.329
16454	0.898
16455	1.145
16452	0.696
16453	0.175
15319	1.202
16449	0.208
15317	-1.032
15316	0.669
15315	0.56
16445	-0.247
15314	0.963
16446	1.157
15313	-1.1
16447	0.398
15312	-0.25
16448	0.314
15310	0.256
16442	-1.918
15311	0.5
16441	-0.529
16444	0.605
16443	0.735
16440	0.04
15309	0.363
15306	2.394
15305	2.369
15308	0.718
16438	0.066
15307	1.329
16439	0.612
15302	0.399
16436	-0.27
15301	0.824
16437	0.747
15304	1.344
16434	-0.789
15303	0.839
16435	-0.433
16432	-0.398
16431	-0.358
15300	1.407
16430	0.173
16423	0.709
16424	0.183
16425	-0.03
16426	-2.545
16427	0.349
16428	0.956
16429	-0.096
16420	1.62
16422	-0.169
16421	-1.291
16414	0.407
16415	0.28
16412	0.791
16413	-0.199
16418	0.179
16419	1.657
16416	1.021
16417	1.127
16411	0.048
16410	1.787
18092	0.334
18093	-0.622
18090	1.06
18091	-0.544
18096	-0.851
18097	-0.346
18094	-0.465
18098	1.754
18099	-1.968
18074	0.304
18075	-2.766
18072	1.079
18073	0.612
18070	1.423
18071	1.692
18078	-0.948
18079	0.252
18076	-0.311
18077	-0.368
18083	0.173
18084	0.207
18085	-0.616
18086	0.983
18080	-2.757
18081	-1.251
18082	-0.56
18087	0.689
18088	0.305
18089	0.54
18055	-0.438
18054	-4.268
18059	0.436
18058	1.118
18053	1.189
18052	-0.756
18051	0.163
18050	0.732
18066	0.745
18065	0.647
18068	0.597
18067	1.311
18069	0.32
18060	-3.841
18062	-0.498
18061	-0.129
18064	-0.849
18063	-1.218
16497	-0.408
16496	-0.87
16499	0.27
16498	1.5
16493	0.125
16492	0.049
16495	-0.775
16494	-0.162
16491	-0.05
16490	0.137
18039	-0.494
18038	-0.47
18037	-1.555
18036	-0.543
18034	-3.138
18033	-0.633
18032	1.438
18031	0.205
18030	-1.128
18048	-0.271
18047	-0.339
18049	-0.17
18044	-0.747
18043	0.874
18046	-0.478
18045	1.041
18040	-0.612
18042	0.575
18041	1.437
18010	0.833
18011	1.112
18012	-0.19
18013	0.033
18014	0.737
18015	0.586
17214	0.089
18016	1.32
18017	0.979
18019	0.307
17218	-0.292
18018	1.753
17217	0.09
17216	-0.118
17215	-0.184
17219	0.538
18020	0.489
18024	-0.703
18022	-0.508
18027	0.895
17200	0.058
18028	-0.075
17201	0.06
18025	-0.403
17202	1.571
18026	0.332
17203	0.495
17204	0.241
18029	-0.97
17206	-0.727
17209	-1.957
17208	-1.397
18005	0.842
18006	0.907
18003	0.84
18004	0.833
18001	0.407
18002	0.016
18000	-0.131
18009	0.428
18008	0.408
18007	1.676
14175	-0.707
14176	0.03
14177	0.526
14178	0.649
15210	3.253
14171	-0.213
14172	0.036
15212	1.017
14173	-0.853
15211	1.414
14174	-3.138
14170	-0.367
17385	0.251
17386	-0.488
17383	0.363
17384	0.319
17389	-0.51
17387	0.112
15213	0.72
15214	0.765
15215	1.1
15216	0.693
15217	1.619
17381	-0.182
15218	0.331
17382	0.485
15219	0.473
17380	0.384
14188	-0.789
14189	-0.174
14186	-1.837
14187	0.009
15201	-2.15
14184	-0.732
15200	-1.533
14185	0.411
14182	-1.278
14183	0.089
14180	0.468
14181	-0.067
17394	1.126
17395	0.206
17396	0.385
17397	0.113
17398	0.031
17399	1.195
15204	-0.214
15205	-0.51
15202	-1.553
15208	-0.122
17390	-0.491
15209	0.42
17391	-1.829
15206	0.507
17392	-1.067
15207	1.41
17393	-2.744
15232	0.056
15231	-0.771
14150	-1.704
15234	0.129
14151	0.749
15233	1.768
14152	-0.27
14153	1.42
14154	-0.445
15230	1.248
14155	0.621
14156	0.739
15239	-0.672
14158	-0.157
14157	0.825
14159	1.391
15235	-0.037
15236	-1.717
15237	-1.893
15238	0.496
15223	0.575
14162	0.202
15222	0.686
15221	-0.333
14160	0.894
15220	-0.516
14161	2.658
14166	0.206
14167	-0.134
14164	0.672
14165	0.655
15228	-0.571
14169	-0.165
15229	0.682
14168	1.242
15226	0.406
15227	-0.295
15224	0.451
15225	1.022
17349	0.852
17347	1.186
15250	0.213
15251	0.874
15252	1.546
15253	1.737
15254	0.418
15255	0.927
15256	-0.255
15258	1.706
15257	0.284
15259	0.261
17342	0.156
17341	1.517
17340	-1.104
17346	0.759
17345	0.022
17344	-0.387
17343	-0.825
17358	0.577
17359	1.579
15240	-0.151
15241	-0.369
15244	1.288
15245	1.032
15242	0.333
15243	0.354
15249	1.227
15248	2.158
15247	2.191
15246	2.188
14148	-0.179
14149	-0.169
14146	0.03
14147	0.069
17351	0.674
17350	0.769
17353	1.322
17352	0.339
17355	1.434
17357	1.168
15270	0.467
17369	0.734
15275	-2.405
15276	0
15278	-0.855
15271	-3.416
15272	0.181
15273	-0.047
15274	1.069
17360	1.319
15279	-1.303
17368	0.726
17367	1.127
17366	0.791
17365	1.25
17364	0.389
17363	1.205
17362	1.043
17361	1.405
15266	-0.512
15267	1.505
15264	-1.637
15265	1.023
15262	0.076
15263	-0.41
15260	0.584
15261	1.272
17371	1.01
17370	0.585
15269	0.538
15268	1.201
17377	0.297
17376	0.47
17379	0.502
17378	-0.163
17373	1.361
17372	0.897
17375	0.65
17374	0.723
16347	-0.453
16346	0.739
16349	-0.399
16348	-1.794
16340	0.194
16341	1.085
16342	0.495
16343	0.005
16344	0.749
16345	0.02
16338	1.404
16337	0.315
16336	-0.447
16339	0.365
16330	-0.415
16333	-0.703
16334	-0.772
16331	-0.895
16332	-0.963
16369	0.942
16368	-0.317
16364	-0.598
16365	0.95
16366	1.12
16367	0.148
16360	0.738
16361	0.38
16362	-0.695
16363	-0.845
16358	-0.441
16357	0.921
16355	-1.36
16356	-0.252
16353	-0.598
16354	-2.654
16351	0.689
16352	-0.919
16350	-2.42
16302	-0.319
16303	-0.928
16304	-0.131
16305	-0.436
16306	-0.359
16307	-0.452
16308	0.065
16309	0.011
16301	1.22
16300	0.03
16328	0.491
16329	-0.709
16324	0.791
16325	1.246
16326	0.222
16327	0.823
16321	0.002
16320	-2.81
16323	1.184
16322	0.496
16319	-0.166
16317	0.696
16318	-0.307
16315	-1.017
16316	-1.87
16313	-1.057
16314	-1.906
16311	-1.069
16310	0.283
16370	-0.85
16376	-0.427
16375	0.943
16378	0.071
16377	0.152
16372	0.179
16371	-0.437
16374	0.609
16373	-1
16379	0.82
16380	-0.422
16389	-0.871
16388	-1.131
16387	-1.04
16386	0.231
16385	-0.58
16384	-0.653
16383	-0.058
16382	0.419
16390	-0.65
16392	0.297
16391	-0.303
16394	1.088
16393	0.722
16396	0.792
16395	1.229
16398	-0.024
16397	0.313
17313	0.919
17310	0.957
17311	0.301
15287	2.012
15286	0.819
15289	0.36
15288	-2.435
15283	-1.754
15282	0.884
15285	-0.673
15284	0.489
15281	-0.579
17319	-0.804
15280	0.061
17318	-0.042
17317	-0.43
17315	-0.662
17314	0.168
17300	0.735
17301	1.007
17302	0.679
15299	0.681
15298	0.394
15297	0.61
15296	0.056
15294	-0.561
15293	0.917
15292	1.096
17308	0.978
15291	2.065
17307	1.383
15290	0.216
17309	1.421
17304	0.278
17303	-0.212
17306	-0.165
17305	0.755
17330	0.881
17331	1.604
17334	-1.1185
17335	-0.875
17332	1.358
17333	0.137
17339	0.411
17337	0.177
17336	-0.228667
17320	-0.789
17321	0.383
17322	-0.274
17323	-0.752
17324	-1.577
17326	0.452
17325	1.233
17328	-0.222
17327	-3.937
17329	-0.724
14192	-1.9
14191	-0.86
14190	-0.792
14199	0.179
14198	-1.006
14197	-0.188
14196	-0.422
14195	-0.461
14194	0.099
14193	-0.113
17488	-2.177
17487	0.082
17486	-0.2305
17485	-1.053
16609	-0.818
17484	-0.403
17483	-0.135
16607	1.412
16608	-0.1
17481	-0.138
14476	-0.519
16605	0.237
17480	-0.04
14477	-1.464
16606	1.035
14478	-1.692
16603	0.396
14479	-0.503
16604	-0.011
15159	0.084
16601	0.232
15158	-0.195
16602	-0.74
16600	0.987
15155	0.748
15156	0.831
14471	0.128
15157	0.305
15150	0.326
14473	-0.668
15151	-1.268
15152	0.957
14475	0.772
15153	-0.535
14474	0.598
17498	-0.665
17499	0.737
17494	-0.466
17493	-1.593
17496	0.955
17495	0.446
17490	-1.019
14489	-0.568
17492	-0.797
14487	0.382
17491	-1.728
14488	-0.654
15149	0.179
15148	0.463
15147	0.551
15145	-0.456
14482	0.546
15146	0.225
14481	-1.386
15143	0.71
14480	-1.208
15144	0.309
15141	0.344
14486	-0.132
15142	-0.06
14484	-1.03
14483	-0.83
17463	0.325
17462	0.913
17461	-0.075
17460	0.065
17467	-0.419
17466	0.648
17465	0.66
17464	0.512
15137	1.193
15136	-0.215
15139	0.467
14498	0.779
14499	0.198
14495	-0.046
14494	-0.103
15130	-2.005
14497	-0.168
15131	-2.044
14496	0.711
15132	-0.655
14491	-0.1
15133	-1.526
14490	0.592
14493	0.557
15135	-1.064
14492	0.929
17468	1.146
17469	1.064
17472	0.55
17471	1.417
17474	-0.925
17473	-0.741
17476	0.471
17475	0.292
17478	-1.327
17477	0.201
15128	0.092
15127	1.009
15126	0.412
15125	1.312
17470	-0.418
15129	0.981
15120	-0.026
15124	0.704
15122	-1.102
17479	-0.516
15118	-1.142
15119	-0.461
16649	-0.021
16648	-2.059
16647	-0.128
15114	-0.202
15115	-0.171
16645	-1.888
15116	0.212
16644	-0.206
15117	0.303
16643	0.17
15111	-0.861
16641	-0.077
15110	-0.128
16642	0.541
15113	-0.132
15112	0.101
16640	-4.878
15109	-1.68
16637	-0.063
16636	0.584
15107	0.044
16639	-1.032
15108	-0.019
16638	-0.5
15105	0.912
16633	-0.719
15106	0.461
16632	0.962
16635	-0.517
15104	-0.915
16634	0.724
15102	0.226
15101	-0.116
15100	0.187
16630	0.103
16631	0.187
16624	-0.209
16623	-0.211
16622	-0.037
16621	-0.603
16628	0.32
16627	0.07
16626	-1.077
16625	0.032
16629	0.594
16620	0.934
16611	0.009
16610	0.14
16613	0.077
16612	0.253
16615	-0.045
16614	0.162
16617	1.072
16616	1.045
16619	0.181
16618	-0.885
16684	1.009
16683	0.879
16686	1.72
16685	-0.046
16680	0.268
16682	-0.267
16681	1.078
16687	0.948
16688	-0.52
16689	0.566
16675	0.979
16674	-0.129
16673	-0.384
16672	-0.367
16671	-0.769
16670	-0.444
14408	-2.034
14400	-2.542
14401	-1.064
14402	0.123
14403	0.21
16678	1.083
14404	0.825
16679	1.286
14405	-0.333
16676	0.649
14406	-0.746
16677	0.765
16660	1.192
16662	0.28
16661	0.493
16664	-0.045
16663	-0.379
14418	2.154
14419	-1.269
14416	1.039
16665	0.087
14417	0.061
16666	0.159
14414	-0.77
16667	0.022
14415	0.401
16668	0.843
14412	-0.287
16669	-0.986
14413	-0.052
14410	-0.475
14411	0.282
14420	-0.565
16653	-1.571
16652	0.755
16651	0.354
16650	0.755
14425	0.59
16656	0.971
14426	-0.079
16657	1.223
14427	-0.662
16654	-0.34
14428	0.562
16655	-0.172
14421	-1.688
14422	-4.001
14423	-0.889
16658	0.274
14424	0.093
16659	0.595
14430	-1.346
14431	-0.389
14435	-0.608
14433	-0.558
14432	-0.308
14439	0.889
14438	0.78
14437	-0.173
14436	-0.227
14440	-0.263
14441	0.188
14442	-0.437
14444	-0.485
14443	0.76
14446	-0.138
14445	0.552
14448	-1.291
14447	-1.725
14449	-0.498
14452	-0.747
14453	1.433
14450	-0.751
14451	-1.147
14459	-0.601
14458	-1.303
14457	-1.567
14456	-0.336
14455	-0.646
14454	-0.409
14461	-0.866
16692	0.982
14462	0.028
16693	-3.096
14463	0.019
16690	1.526
16691	-0.611
16696	-1.142
16697	0.204
16694	0.406
14460	-1.758
16695	-1.162
14469	-0.513
16699	0.944
16698	0.819
14466	0.326
14465	-0.534
14468	0.089
14467	1.255
14501	-8.531
14500	0.724
14505	-1
14504	-3.371
14509	1.016
14508	0.244
14507	0.764
14506	-0.743
17415	0.055
17416	-0.12
17413	-0.876
17414	-0.63
17419	0.459
17417	-0.659
17418	-0.3115
17412	0.802
17411	-0.753
17410	0.799
17402	1.354
17403	1.894
17404	1.738
17405	0.585
17406	-0.031
17407	-0.658
17408	-0.174
17409	0.731
17401	0.388
17400	-1.267
17459	-0.439
17458	-1.602
17457	0.837
15182	0.845
15181	1.136
15184	0.679
15183	1.308
15186	1.941
15185	0.469
15188	1.545
15187	-0.53
15971	-0.659
15189	0.01
15970	0.74
15972	0.345
15973	0.1
15974	-0.373
15975	-0.177
15976	-0.684
15977	0.76
15978	1.682
15979	2.193
17451	0.34
17452	0.372
17450	0.949
17455	-4.021
17456	-2.534
17453	0.785
17454	-1.144
17447	0.792
17446	-1.68
17449	0.684
17448	0.215
15193	-0.074
15192	0.057
15191	0.178
15190	0.109
15197	-0.282
15196	-0.929
15195	-0.399
15194	-0.42
15960	1.437
15199	-0.166
15198	0.102
15964	0.65
15961	0.999
15962	0.956
15967	0.728
15968	-0.12
15965	1.705
15966	1.961
17440	-2.341
15969	0.035
17441	-0.034
17442	-0.464
17443	1.261
17444	-0.95
17445	-0.178
15160	0.325
17439	-0.147
17438	0.92
17437	-0.887
17436	-0.295
17435	-4.365
15166	1.043
15991	-0.764
15165	-2.589
15990	-0.064
15168	-0.011
15993	1.03
15167	-0.221
15992	-1.62
15162	0.88
15161	-0.301
15164	0.194
15163	-0.104
15998	-0.085
15999	-1.083
15169	0.959
15994	1.338
15995	0.072
15996	-0.345
15997	0.597
17433	0.21
17431	0.234
17432	-1.616
17430	0.446
17429	0.285
15171	-0.481
17428	-0.664
15170	1.964
17425	-0.955
17424	-0.081
17427	1.085
17426	1.532
15179	-0.533
15982	1.428
15178	0.714
15981	0.022
15177	2.14
15980	0.154
15176	-0.488
15175	-0.16
15174	-4.515
15173	1.346
15172	0.725
15989	0.415
15987	1.684
15988	1.263
15985	0.203
15986	0.185
15983	0.634
15984	1.098
17420	1.42
17421	0.009
17422	-0.074
17423	-0.482
15016	-0.46
15940	0.236
15015	-0.045
15018	0.042
15942	0.665
15017	1.029
15941	-0.093
17580	0.264
14377	1.521
15944	-0.81
15019	0.219
14378	0.123
15943	-0.486
14379	0.253
15946	0.692
15945	2.006
17584	0.406
15948	0.857
17583	1.011
15947	0.3
17582	0.88
17581	0.647
17588	-0.706
17587	0.321
17586	0.121
17585	-0.275
17589	-0.165
14374	-1.584
14373	1.203
14376	0.174
15010	-0.219
14375	-1.403
15011	0.032
14370	1.879
15012	0.895
15013	0.847
14372	1.907
15014	0.684
14371	1.594
15007	0.59
15953	2.165
15006	1.382
15952	-0.087
15005	1.655
15951	0.193
15004	0.266
15950	0.094
15957	-0.169
15956	-0.037
17591	0.897
15009	-0.085
14388	0.083
15955	0.266
17590	0.32
15008	0.743
14389	-0.876
15954	0.02
17593	-0.638
17592	-3.654
17595	-0.656
15959	0.104
17594	0.011
15958	-0.72
17597	-0.005
17596	0.616
17598	-0.026
14387	-0.279
14386	0.219
14385	-0.308
15002	2.342
14383	0.109
15003	-0.266
14382	-0.336
15000	0.366
14381	-0.172
15001	0.754
14380	0.327
14355	1.651
15922	-1.045
14356	0.222
15921	-0.58
14357	-0.866
15924	0.163
14358	0.522
15923	-0.077
15038	1.117
14359	1.242
15037	0.783
15920	0.144
15039	-0.311
15929	-0.573
15926	0.528
15925	0.307
15928	1.493
15927	0.905
15033	-0.456
15034	0.765
15035	0.743
14350	-0.354
15036	1.694
14352	1.036
15030	1.11
14351	1.249
15031	0.52
14354	0.349
15032	0.209
14353	0.32
14368	-2.534
15935	0.22
14369	-0.944
15934	-0.012
14366	-0.446
15933	0.207
14367	0.243
15932	0.735
15029	0.756
15931	-0.436
15028	1.626
15930	1.593
15027	1.317
15026	1.245
15939	-0.233
15938	-0.221
15937	0.313
15936	0.246
15024	0.32
14361	-0.198
15025	2.232
14360	-3.859
15022	0.554
15023	0.854
15020	0.949
14365	0.379
15021	1.998
14364	0.848
14363	1.309
14362	0.448
15903	-0.91
15904	1.402
15905	0.69
16509	0.378
15906	1.053
16508	-0.926
15907	-0.198
15908	0.903
15909	0.111
16503	1.877
16502	0.011
16501	-0.511
16500	0.749
15900	1.071
15901	0.503
16505	0.835
15902	-0.709
16504	0.773
15916	0.334
15917	-0.986
15914	-2.553
15918	-0.624
15919	-0.43
15912	0.198
15913	-0.03
15910	1.033
15911	0.822
16529	0.158
14399	-1.115
16528	-0.131
16527	-0.705
16526	0.489
16525	-0.519
16524	-0.908
16523	-1.036
16522	-1.916
14391	-1.184
16520	-2.087
14392	0.225
16521	-1.899
14393	0.901
14394	1.356
14395	-1.443
14396	-0.069
14397	-0.037
14398	-1.018
14390	0.032
16519	-0.166
16516	0.28
16515	0.225
16518	0.144
16517	0.14
16512	1.47
16511	0.309
16514	0.9
16513	-0.248
16510	0.022
16541	0.058
16540	-0.498
16543	-0.011
16542	1.043
16544	-1.221
16545	-0.499
16546	0.264
16547	1.552
16548	0.932
16549	1.126
16532	-0.359
16531	-0.266
14304	0.259
16535	-0.169
14305	0.775
16536	-0.686
14306	-0.035
16533	-0.573
14307	-0.448
16534	0.806
14300	0.358
16539	-0.26
14301	0.137
14302	0.682
16537	-0.31
14303	0.874
16538	-1.969
14308	-0.227
14309	1.012
16563	0.561
16562	-0.059
16565	-1.798
16564	-0.127
16560	-0.804
16566	0.625
16567	-1.137
16568	0.385
16569	-0.006
16554	-2.667
16553	-0.047
16552	-1.534
16551	-0.348
16550	-0.8
16559	-0.766
16558	0.315
16555	2.092
16556	0.18
14331	-0.297
16580	-0.379
14332	-0.034
16581	0.047
16582	0.029
14330	-0.98
16583	0.236
16584	-2.306
16585	-0.024
16586	-0.381
16587	-0.277
16589	-1.013
14339	0.064
16588	-0.614
14338	-0.53
14337	-0.943
14336	0.109
14335	-0.103
14334	-0.666
14333	-0.067
14340	0.298
16571	-0.636
14341	-1.078
16572	-0.598
14342	0.636
14343	1.242
16570	1.248
16575	0.282
16576	-0.159
16573	-0.958
16574	-0.685
14349	0.202
14348	0.65
16579	1.191
16578	0.927
16577	0.26
14345	1.37
14344	0.601
14347	0.357
14346	0.805
14310	-0.078
14319	0.098
14314	0.202
14313	-0.239
14312	-0.317
14311	-1.595
14318	1.209
14317	1.246
14316	1.554
14315	1.174
16597	3.862
16598	0.792
16595	-0.996
16596	1.519
16593	-0.192
16594	-0.368
14320	0.754
16591	0.261
14321	0.4
16592	-0.407
16590	-1.327
14323	-2.029
14322	0.605
14325	0.402
14324	1.088
14327	0.481
14326	1.87
14329	-1.023
14328	-0.4
16599	1.027
17518	0.354
15080	0.647
17519	0.604
15081	1.266
17516	-2.034
15082	3.789
17517	-1.21
15083	0.923
17514	-0.158
17515	-1.206
17513	-1.493
15088	0.417
15089	-0.052
15084	0.569
15085	1.043
15086	-0.285
15087	-0.309
17511	-0.518
17510	0.57
17505	-0.107
15093	1.083
17506	-0.133
15094	1.3
17507	0.537
15091	0.654
17508	0.044
15092	1.139
17501	-0.703
17502	0.249
15090	0.528
17504	-0.691
15099	-1.524
17509	0.346
15097	-1.525
15096	-0.984
17500	-0.182
17536	-0.721
17537	-0.063
17534	-0.593
17535	-0.267
17538	-1.462
15890	0.39
15891	1.229
15892	-0.806
15893	-1.436
15894	-0.851
15896	0.92
15895	0.824
15898	0.367
15897	1.34
15899	-1.015
17533	0.996
17532	1.287
17531	-0.695
17530	0.065
17523	-0.036
17524	-0.214
17525	0.232
17526	0.225
17527	0.503
17528	0.825
17529	0.268
15882	-0.136
15883	-0.123
15880	-0.119
15881	-1.043
15887	0.407
15886	0.533
15885	1.291
15884	0.524
15889	1.11
15888	0.871
17520	-0.392
17522	-0.098
17521	0.872
15045	0.562
15870	-1.551
15044	0.712
15047	0.37
15872	-1.578
15046	0.542
15871	-0.787
15041	-1.152
15040	-0.508
15043	0.304
15042	-0.271
17559	-0.282
17558	1.261
17557	-2.577
17556	1.318
17554	0.057
17555	0.469
17552	1.084
17553	0.297
17550	-0.881
17551	-0.279
15877	0.097
15878	-0.491
15879	-0.455
15048	-1.669
15873	-0.486
15049	-0.003
15874	-1.591
15875	0.033
15876	-2.131
15058	-0.571
15861	0.611
15057	0.112
15860	0.825
15056	0.546
15055	1.338
15054	0.706
15053	1.101
15052	0.45
15051	0.242
15050	0.387
17549	0.212
17546	-0.125
17545	0.511
17547	-1.451
17542	0.118
17543	-0.086
17544	-0.484
15868	1.23
15869	-0.072
15866	-0.378
15867	0.161
15864	-0.357
15865	-0.412
15059	-2.253
15862	-0.478
15863	-1.185
15063	-1.023
15065	-0.276
15064	0.398
15067	-0.396
15066	-1.381
15069	3.016
15850	0.097
15068	-0.278
17579	-0.304
17578	-1.759
15061	-0.505
15060	0
17572	0.59
15859	1.483
17573	-1.462
17570	1.163
17571	1.793
17576	0.933
15851	-0.327
15852	0.719
15853	0.488
15854	0.078
15855	-0.324
15856	-0.091
15857	0.598
15858	0.906
15076	-0.367
15075	0.621
15074	0.124
15073	-0.028
15079	0.161
15078	-0.193
15077	0.079
17568	1.239
17567	0.658
17569	-0.866
15072	0.279
15071	1.061
15070	0.234
17560	0.882
17561	0.337
15848	-1.252
17562	0.511
15849	0.313
17563	0.743
17564	-0.006
17565	0.548
17566	0.148
15842	1.138
15843	0.203
15840	2.226
15841	0.6
15846	0.951
15847	-0.153
15844	0.636
15845	1.352

